0	563.225	56.748
1	564.887	58.119
2	565.434	68.061
3	565.926	79.953
4	566.762	69.405
5	567.99	81.669
6	569.194	62.483
7	569.791	55.458
8	570.576	73.136
9	572.167	73.306
10	573.101	47.248
11	573.649	88.769
12	575.847	55.477
13	576.019	55.179
14	576.686	66.819
15	577.379	44.799
16	577.513	51.055
17	578.727	80.574
18	579.476	39.921
19	580.633	44.737
20	581.278	65.616
21	582.023	54.002
22	583.593	76.708
23	583.796	79.86
24	584.366	53.483
25	586.459	59.779
26	587.023	85.774
27	587.679	71.899
28	588.232	39.995
29	588.672	51.99
30	589.312	38.724
31	591.027	44.019
32	591.4	91.172
33	592.217	89.381
34	593.16	66.805
35	594.063	66.893
36	594.76	74.765
37	595.356	80.827
38	595.79	75.361
39	596.355	83.586
40	596.668	86.122
41	598.529	58.733
42	599.626	59.223
43	600.848	85.828
44	601.795	80.356
45	602.177	43.649
46	603.088	68.333
47	604.009	86.323
48	605.044	65.636
49	605.162	87.564
50	605.689	81.98
51	606.666	65.305
52	609.273	46.702
53	609.805	79.983
54	610.426	66.076
55	611.214	67.693
56	612.12	50.623
57	612.611	80.34
58	615.622	67.058
59	616.511	69.774
60	185.148	187.84
61	186.379	210.891
62	190.146	203.939
63	192.725	200.574
64	193.58	191.945
65	196.524	209.577
66	198.153	194.02
67	199.639	189.935
68	200.871	193.293
69	202.992	198.882
70	206.631	195.446
71	208.041	192.715
72	209.812	189.853
73	211.981	200.95
74	214.217	207.195
75	216.775	196.353
76	218.926	212.944
77	220.754	190.068
78	221.351	191.195
79	222.246	185.421
80	223.856	211.078
81	224.959	201.679
82	226.243	191.191
83	227.497	199.323
84	232.63	208.815
85	233.817	198.346
86	236.097	201.321
87	241.224	206.679
88	242.439	191.389
89	244.763	189.957
90	245.674	206.491
91	247.434	208.13
92	249.004	200.664
93	249.977	198.39
94	250.814	208.034
95	253.545	215.389
96	256.788	192.156
97	257.962	208.085
98	260.626	210.016
99	264.383	201.5
100	265.424	194.869
101	267.976	208.111
102	272.218	187.568
103	275.199	196.881
104	281.512	193.436
105	282.56	198.533
106	283.104	202.56
107	284.464	215.55
108	286.95	198.506
109	288.923	213.113
110	289.933	208.837
111	290.501	200.067
112	292.782	209.527
113	295.307	185.377
114	296.686	208.971
115	300.462	210.472
116	301.987	213.201
117	303.553	213.944
118	13.354	264.529
119	16.103	255.247
120	17.339	249.372
121	18.137	258.655
122	19.608	265.248
123	21.247	262.794
124	22.098	281.747
125	22.758	242.831
126	23.345	251.326
127	23.635	245.377
128	24.691	273.256
129	26.117	244.136
130	27.203	257.622
131	28.94	244.752
132	29.936	234.543
133	30.809	233.232
134	31.169	284.702
135	32.489	266.777
136	32.93	271.838
137	33.591	283.933
138	33.773	281.922
139	34.513	276.181
140	34.652	252.158
141	35.524	243.571
142	35.876	243.583
143	37.343	233.625
144	38.62	246.751
145	40.455	255.385
146	41.524	284.287
147	42.817	248.056
148	44.067	281.238
149	45.476	271.387
150	46.187	286.244
151	47.739	252.702
152	48.338	258.763
153	48.994	234.513
154	49.857	253.511
155	50.245	237.932
156	50.976	267.189
157	51.328	270.145
158	51.66	262.632
159	53.837	292.781
160	54.617	291.696
161	54.983	230.195
162	55.211	290.125
163	56.785	252.76
164	58.204	276.242
165	59.035	272.023
166	59.624	282.485
167	60.396	231.942
168	61.014	242.437
169	61.448	245.848
170	62.185	263.182
171	62.725	245.593
172	63.76	274.755
173	64.487	237.96
174	64.713	252.737
175	65.05	227.462
176	65.823	290.489
177	66.296	267.64
178	67.832	281.385
179	68.888	226.002
180	69.967	246.5
181	70.286	260.492
182	71.834	228.468
183	72.206	243.232
184	72.789	287.178
185	73.157	293.775
186	73.85	264.688
187	74.708	264.807
188	75.394	254.897
189	76.311	243.142
190	76.972	287.451
191	77.989	230.004
192	78.233	266.766
193	78.502	237.794
194	79.202	287.122
195	79.272	242.156
196	79.722	264.361
197	80.199	298.082
198	81.069	261.888
199	81.534	276.974
200	81.913	237.585
201	83.034	247.402
202	83.679	240.902
203	83.855	297.607
204	84.888	253.396
205	85.499	236.795
206	86.941	232.489
207	87.406	299.783
208	88.392	237.048
209	88.701	250.651
210	88.982	299.489
211	89.319	226.7
212	90.41	257.448
213	90.58	231.072
214	91.23	262.604
215	92.209	222.15
216	92.786	227.418
217	93.554	293.737
218	93.768	293.591
219	94.697	258.708
220	95.536	237.686
221	96.182	228.088
222	96.715	223.257
223	97.527	273.821
224	97.685	278.438
225	98.38	284.748
226	99.108	296.813
227	99.767	224.9
228	100.165	222.073
229	100.778	278.911
230	101.931	266.622
231	102.84	240.178
232	103.131	239.699
233	103.347	251.559
234	103.919	268.385
235	104.593	279.342
236	104.851	266.407
237	105.187	268.4
238	105.396	267.244
239	105.877	248.509
240	106.187	280.048
241	106.267	221.253
242	106.699	250.833
243	107.251	233.71
244	107.427	264.254
245	107.743	239.853
246	108.98	262.284
247	109.713	272.873
248	109.967	298.248
249	110.534	224.346
250	110.823	229.572
251	111.309	226.288
252	111.731	278.228
253	113.107	268.624
254	113.726	289.755
255	113.971	233.849
256	114.502	226.788
257	114.867	299.812
258	115.386	274.375
259	116.25	285.816
260	116.901	239.932
261	117.588	279.468
262	117.808	296.526
263	117.991	296.388
264	118.793	226.169
265	119.412	292.521
266	119.916	279.182
267	120.435	281.88
268	121.329	271.627
269	122.254	274.67
270	122.962	272.851
271	123.476	263.763
272	123.817	290.177
273	124.895	225.312
274	125.876	237.528
275	126.299	248.847
276	127.881	277.424
277	128.782	258.494
278	129.474	259.443
279	129.986	263.765
280	130.248	254.418
281	130.953	288.629
282	132.874	236.928
283	133.637	287.142
284	134.173	262.139
285	135.02	242.398
286	135.631	288.789
287	136.99	279.42
288	137.468	248.605
289	138.208	250.879
290	139.394	251.962
291	140.295	288.066
292	140.989	255.222
293	141.315	270.173
294	141.852	235.406
295	142.609	245.018
296	143.009	238.399
297	143.719	276.511
298	144.26	231.112
299	145.175	256.033
300	145.439	275.743
301	145.89	252.356
302	146.859	269.907
303	147.058	258.492
304	147.155	235.835
305	147.203	236.173
306	148.38	258.14
307	149.106	257.056
308	149.431	255.84
309	150.654	287.67
310	151.7	255.743
311	152.675	261.621
312	153.978	271.106
313	155.048	286.331
314	156.319	265.01
315	157.05	285.03
316	158.213	278.882
317	158.962	243.196
318	161.138	237.596
319	161.646	243.994
320	163.331	280.859
321	164.213	281.869
322	164.773	282.94
323	165.059	242.019
324	165.281	280.402
325	166.042	248.031
326	167.623	242.272
327	168.128	276.198
328	168.464	268.973
329	169.483	267.895
330	170.249	249.485
331	170.979	273.265
332	171.513	253.62
333	171.783	269.142
334	172.844	257.272
335	173.952	265.78
336	174.138	270.815
337	175.856	272.269
338	177.18	255.497
339	177.257	264.482
340	178.95	243.888
341	181.542	281.885
342	182.722	251.107
343	183.453	267.579
344	184.185	246.987
345	185.341	270.505
346	186.511	242.978
347	188.91	241.019
348	191.666	243.181
349	192.627	275.928
350	194.441	269.436
351	195.761	262.548
352	196.945	247.552
353	197.076	274.643
354	198.511	272.877
355	200.067	270.562
356	200.776	269.116
357	202.842	259.868
358	203.896	244.526
359	204.787	250.219
360	205.469	248.346
361	208.056	258.037
362	208.684	259.333
363	210.158	265.929
364	210.741	245.633
365	213.053	239.042
366	213.685	254.623
367	214.879	253.977
368	216.027	264.996
369	217.35	266.199
370	218.58	255.904
371	218.852	243.589
372	219.705	242.826
373	221.495	236.117
374	223.711	242.644
375	224.354	259.331
376	225.566	248.478
377	229.354	237.398
378	233.129	236.923
379	233.311	258.28
380	234.903	256.115
381	236.158	240.551
382	237.976	253.329
383	239.34	251.177
384	240.348	244.397
385	243.132	254.789
386	243.505	248.39
387	244.731	247.555
388	245.48	255.893
389	247.504	258.892
390	249.927	234.034
391	251.727	260.918
392	252.992	248.801
393	254.104	251.732
394	255.41	243.183
395	258.885	236.008
396	260.153	258.965
397	261.686	253.904
398	264.961	245.82
399	267.765	254.765
400	271.931	253.244
401	272.186	246.484
402	273.159	248.205
403	274.679	256.092
404	276.12	238.06
405	277.313	240.625
406	278.117	262.051
407	280.711	258.076
408	281.716	246.601
409	281.94	236.785
410	282.711	249.692
411	283.115	263.584
412	283.983	257.348
413	284.543	263.316
414	287.046	262.162
415	288.927	260.541
416	289.315	255.218
417	289.943	250.361
418	291.608	267.339
419	291.955	267.281
420	292.398	252.325
421	293.017	255.158
422	295.004	260.365
423	296.183	237.238
424	297.623	252.161
425	298.424	264.142
426	299.807	263.045
427	300.557	269.025
428	304.204	271.556
429	307.425	274.677
430	308.161	273.136
431	308.928	247.987
432	310.057	251.42
433	313.136	266.045
434	313.672	247.666
435	314.848	254.205
436	317.095	273.844
437	318.449	266.77
438	318.858	277.693
439	320.149	245.128
440	320.88	254.928
441	321.587	243.537
442	323.345	257.64
443	324.518	243.11
444	325.259	254.743
445	326.596	254.017
446	327.833	249.55
447	328.233	263.65
448	329.356	264.379
449	331.098	264.241
450	333.338	276.376
451	334.236	263.988
452	335.585	269.761
453	336.776	245.851
454	337.25	243.518
455	338.656	262.053
456	339.143	237.759
457	340.372	273.623
458	341.517	282.249
459	342.655	280.406
460	343.522	269.317
461	344.314	252.462
462	344.967	243.995
463	347.038	255.476
464	347.652	285.927
465	348.419	273.871
466	348.735	244.499
467	349.448	246.822
468	349.757	286.903
469	349.886	271.844
470	351.663	274.561
471	352.21	235.047
472	352.711	252.672
473	354.288	235.336
474	354.766	253.537
475	356.356	250.344
476	356.632	270.577
477	357.71	243.756
478	358.554	270.689
479	358.852	276.35
480	360.086	259.86
481	360.788	271.746
482	362.224	276.787
483	362.946	254.075
484	363.594	272.175
485	363.749	296.325
486	364.26	266.056
487	365.446	264.773
488	365.78	289.731
489	367.157	276.706
490	367.698	278.978
491	368.132	265.631
492	368.667	235.202
493	369.802	277.56
494	370.829	225.197
495	372.405	228.113
496	373.835	270.518
497	374.024	269.535
498	374.702	226.626
499	375.341	276.45
500	376.196	241.588
501	376.595	237.067
502	377.026	266.93
503	377.092	248.07
504	377.393	220.006
505	377.831	248.255
506	378.371	274.317
507	378.5	240.02
508	379.145	225.451
509	379.454	269.72
510	379.639	234.918
511	381.229	286.043
512	381.421	267.62
513	381.813	230.739
514	382.338	262.01
515	382.845	234.506
516	383.098	241.973
517	383.557	292.124
518	384.073	230.751
519	384.686	262.532
520	385.559	291.054
521	386.265	300.405
522	386.731	275.618
523	387.253	226.958
524	387.448	226.627
525	387.822	289.82
526	388.107	260.38
527	388.736	233.743
528	388.97	291.242
529	389.399	243.022
530	390.715	226.094
531	392.665	264.428
532	393.032	288.458
533	394.425	298.366
534	394.91	252.065
535	395.928	301.856
536	396.136	276.809
537	396.765	263.377
538	397.189	235.132
539	397.463	229.396
540	397.862	259.51
541	398.33	243.374
542	398.63	235.251
543	399.487	228.996
544	400.102	245.483
545	400.213	246.726
546	400.6	276.768
547	401.105	273.561
548	401.597	254.28
549	402.147	286.638
550	402.891	297.832
551	404.28	297.829
552	404.364	291.647
553	404.952	289.539
554	405.164	293.44
555	405.487	295.939
556	405.846	282.933
557	406.319	231.514
558	406.818	266.06
559	408.352	273.228
560	409.058	243.858
561	409.322	255.152
562	409.623	289.933
563	409.888	269.07
564	410.876	287.778
565	411.207	262.768
566	411.46	247.458
567	412.459	236.835
568	413.229	275.968
569	413.701	227.171
570	414.651	238.275
571	414.779	235.505
572	415.267	261.513
573	416.077	257.898
574	416.318	282.917
575	416.889	291.509
576	417.761	268.451
577	418.445	259.976
578	419.217	268.525
579	420.531	291.445
580	420.635	232.499
581	420.819	276.785
582	421.354	250.434
583	421.532	231.376
584	421.91	293.441
585	422.133	292.868
586	423.156	234.235
587	424.009	252.468
588	424.881	241.292
589	425.677	279.174
590	426.503	250.416
591	426.682	246.638
592	427.451	233.268
593	429.061	266.166
594	429.557	277.432
595	430.013	234.895
596	430.835	247.6
597	432.029	267.743
598	432.396	237.085
599	433.005	254.057
600	433.448	245.556
601	434.83	289.099
602	435.734	248.008
603	436.958	238.21
604	437.521	286.103
605	437.817	256.183
606	438.218	231.246
607	438.6	236.97
608	439.448	240.77
609	440.103	251.244
610	440.686	266.626
611	441.449	238.77
612	441.867	233.186
613	442.566	237.036
614	443.651	239.602
615	444.093	253.062
616	445.336	273.26
617	446.434	246.71
618	446.862	244.73
619	447.864	238.768
620	449.021	240.921
621	449.613	253.74
622	451.683	265.286
623	452.213	242.38
624	453.724	258.44
625	454.921	263.766
626	455.359	280.24
627	456.722	272.881
628	457.717	265.404
629	458.617	240.381
630	459.11	263.377
631	459.967	275.32
632	460.796	266.038
633	461.696	277.385
634	463.472	260.844
635	464.852	273.706
636	466.705	261.183
637	20.026	88.356
638	20.925	67.44
639	22.487	51.786
640	22.816	79.416
641	23.583	45.891
642	24.731	71.788
643	25.363	83.041
644	25.619	35.879
645	25.866	104.418
646	26.267	98.659
647	27.143	86.854
648	27.569	63.439
649	28.136	52.202
650	28.708	70.1
651	30.002	86.534
652	30.529	50.283
653	31.439	59.06
654	31.778	31.64
655	32.362	60.976
656	33.102	42.576
657	33.816	63.395
658	34.528	42.59
659	35.083	82.876
660	35.587	35.094
661	35.876	84.028
662	36.332	44.874
663	38.016	63.307
664	38.977	101.356
665	39.977	35.651
666	40.739	101.634
667	41.284	99.463
668	41.571	70.988
669	42.029	96.977
670	42.703	42.245
671	43.616	99.011
672	44.274	97.434
673	44.549	96.843
674	45.227	64.844
675	46.879	105.358
676	47.229	41.339
677	47.812	73.61
678	48.172	37.776
679	48.445	101.597
680	48.882	96.462
681	49.213	37.181
682	50.837	68.983
683	52.087	39.576
684	52.683	97.493
685	52.851	70.693
686	53.586	44.759
687	53.813	74.661
688	54.275	39.558
689	54.604	68.79
690	55.701	41.258
691	56.304	103.478
692	56.559	48.611
693	57.978	73.95
694	58.987	83.099
695	59.405	72.465
696	60.345	84.563
697	60.88	56.087
698	61.323	91.239
699	61.968	78.091
700	62.304	41.51
701	63.227	76.938
702	64.075	76.453
703	65.2	45.738
704	65.767	74.248
705	66.027	59.45
706	66.414	49.308
707	67.068	54.264
708	67.789	33.516
709	68.005	90.836
710	68.44	84.09
711	69.243	73.506
712	69.941	67.454
713	70.515	76.681
714	70.619	68.005
715	71.443	62.345
716	72.225	73.661
717	72.823	55.906
718	73.081	57.281
719	74.597	88.148
720	74.891	92.013
721	75.352	42.168
722	76.402	46.526
723	76.924	97.468
724	77.354	42.696
725	77.609	49.547
726	77.998	51.452
727	78.273	67.935
728	78.672	81.344
729	79.841	37.471
730	80.276	99.507
731	80.807	66.626
732	81.264	37.297
733	82.573	43.318
734	82.845	62.738
735	84.769	33.369
736	84.95	46.428
737	85.31	69.209
738	85.528	43.019
739	86.174	87.7
740	87.064	45.155
741	87.264	41.933
742	87.621	79.009
743	88.04	42.651
744	88.358	83.503
745	88.661	50.492
746	89.681	62.352
747	89.819	35.2
748	90.149	80.837
749	90.417	86.464
750	91.178	93.144
751	92.234	58.324
752	93.43	69.424
753	93.843	43.443
754	94.526	86.049
755	95.324	53.04
756	95.511	60.079
757	96.416	65.625
758	97.569	67.92
759	98.308	100.305
760	99.007	36.435
761	99.209	63.846
762	99.495	57.019
763	100.154	79.893
764	101.63	77.737
765	102.822	77.927
766	103.06	40.985
767	103.86	81.621
768	104.769	81.393
769	106.071	100.828
770	106.567	76.381
771	107.638	40.477
772	108.238	49.247
773	108.426	78.291
774	109.009	50.542
775	109.879	93.396
776	111.307	36.873
777	111.949	77.803
778	112.188	68.448
779	112.91	82.451
780	113.441	72.41
781	113.821	42.075
782	114.246	94.967
783	114.784	36.421
784	115.213	73.147
785	115.343	41.516
786	115.8	47.128
787	116.291	63.513
788	116.894	38.559
789	117.562	65.505
790	117.75	43.494
791	118.667	84.298
792	119.687	80.956
793	120.488	97.901
794	121.28	94.189
795	122.338	60.263
796	123.958	88.871
797	124.635	97.045
798	124.823	56.081
799	126.011	49.435
800	126.736	61.51
801	126.961	78.826
802	127.27	76.188
803	128.959	67.193
804	129.687	75.267
805	131.082	49.239
806	131.513	92.707
807	131.874	48.172
808	132.207	70.671
809	132.473	78.561
810	132.883	82.874
811	133.179	90.397
812	133.755	93.225
813	134.411	80.027
814	136.888	63.247
815	137.557	82.487
816	138.322	52.055
817	139.097	88.59
818	139.247	52.484
819	139.864	81.763
820	140.329	90.265
821	140.81	52.179
822	141.162	61.581
823	141.492	92.94
824	142.308	63.537
825	143.042	57.887
826	144.075	50.124
827	145.616	70.385
828	146.775	77.422
829	147.703	84.201
830	148.922	42.972
831	149.038	75.295
832	149.587	42.701
833	149.917	59.291
834	152.073	43.234
835	152.474	95.42
836	152.883	71.206
837	153.719	87.626
838	154.131	96.51
839	154.392	46.112
840	154.686	39.223
841	155.18	69.093
842	156.204	81.21
843	156.851	91.208
844	157.62	88.902
845	158.011	88.12
846	158.285	88.965
847	158.606	42.57
848	161.177	77.037
849	161.465	71.657
850	162.31	89.163
851	163.53	88.975
852	163.767	65.833
853	165.344	62.451
854	167.697	82.038
855	168.233	60.035
856	168.664	54.343
857	169.22	83.732
858	170.695	75.392
859	170.993	67.087
860	171.253	69.994
861	171.6	72.319
862	172.086	54.77
863	174.307	63.59
864	174.961	51.181
865	175.306	57.132
866	175.675	85.154
867	176.225	60.676
868	177.422	48.042
869	178.532	38.528
870	179.289	38.267
871	180.322	61.561
872	182.166	40.855
873	182.69	50.331
874	183.39	85.896
875	183.61	68.512
876	184.591	76.374
877	185.472	74.38
878	185.61	77.854
879	185.938	60.224
880	186.136	61.699
881	186.442	64.75
882	186.704	91.046
883	187.69	62.835
884	187.95	91.721
885	188.717	59.453
886	189.725	55.706
887	190.862	47.475
888	191.617	93.426
889	192.774	57.081
890	193.39	69.729
891	194.738	88.856
892	194.948	85.251
893	196.382	61.135
894	197.382	91.451
895	198.151	70.459
896	198.896	92.014
897	199.346	45.374
898	200.184	90.579
899	200.288	71.313
900	201.004	94.303
901	202.27	44.882
902	203.374	66.095
903	205.069	75.118
904	205.719	50.086
905	206.605	39.759
906	207.196	44.224
907	208.581	88.991
908	209.378	74.42
909	210.508	66.553
910	211.211	87.259
911	212.047	62.406
912	213.648	56.196
913	214.136	52.492
914	215.333	62.461
915	215.711	51.128
916	216.664	89.533
917	216.957	58.002
918	217.56	89.709
919	218.142	62.487
920	218.712	62.188
921	219.774	43.489
922	220.216	86.898
923	220.599	79.91
924	222.071	52.333
925	223.48	72.01
926	224.339	72.518
927	225.532	41.204
928	226.199	90.138
929	226.773	53.108
930	227.091	49.349
931	229.049	72.15
932	229.812	56.575
933	230.128	74.606
934	232.164	81.685
935	233.352	61.882
936	234.184	72.322
937	234.561	68.49
938	235.12	63.464
939	236.365	58.842
940	237.963	43.493
941	239.496	52.424
942	240.379	79.313
943	241.285	56.515
944	242.707	86.626
945	243.848	73.486
946	244.328	50.502
947	245.503	58.238
948	247.604	88.236
949	249.017	75.836
950	249.916	41.877
951	250.626	76.032
952	251.214	75.53
953	252.941	78.521
954	256.725	44.221
955	257.692	79.27
956	258.448	43.265
957	259.4	60.697
958	260.526	64.885
959	260.949	61.861
960	262.137	65.716
961	263.49	68.789
962	264.564	83.02
963	265.939	85.714
964	267.149	71.208
965	267.577	64.794
966	268.566	64.402
967	268.832	62.947
968	270.193	61.842
969	270.907	75.431
970	272.251	76.767
971	274.057	57.467
972	274.713	56.921
973	275.826	85.578
974	276.736	55.24
975	276.994	50.804
976	278.203	44.936
977	278.654	80.64
978	279.981	85.693
979	280.538	46.481
980	281.017	46.503
981	281.581	52.053
982	281.775	56.956
983	282.448	83.449
984	284.784	85.639
985	285.346	84.195
986	285.816	83.059
987	286.705	87.379
988	287.922	68.7
989	288.775	55.605
990	290.721	72.844
991	291.944	48.623
992	293.111	66.996
993	295.278	57.284
994	297.164	81.626
995	297.622	77.822
996	300.619	54.293
997	301.24	67.744
998	302.009	45.413
999	302.212	71.154
1000	303.245	71.639
1001	304.637	46.342
1002	305.991	68.517
1003	307.776	63.824
1004	308.773	64.917
1005	309.122	66.194
1006	310.161	77.431
1007	311.262	80.928
1008	312.144	76.836
1009	312.881	78.538
1010	314.322	61.281
1011	315.441	46.009
1012	316.111	67.115
1013	318.039	67.135
1014	320.769	74.333
1015	322.16	78.744
1016	323.978	50.357
1017	326.427	72.615
1018	327.47	59.251
1019	328.444	61.955
1020	329.155	45.002
1021	330.036	80.932
1022	331.706	48.948
1023	334.272	46.132
1024	335.207	50.155
1025	336.559	52.831
1026	337.243	55.359
1027	338.274	74.516
1028	339.262	48.903
1029	340.858	74.988
1030	341.722	79.242
1031	342.302	67.469
1032	343.49	81.079
1033	344.244	49.789
1034	346.019	48.244
1035	347.603	67.166
1036	348.298	63.024
1037	349.743	76.385
1038	350.902	48.533
1039	351.801	78.05
1040	352.975	72.493
1041	354.22	70.427
1042	355.118	71.092
1043	356.428	78.265
1044	357.412	70.52
1045	357.851	57.674
1046	361.262	61.678
1047	362.116	74.956
1048	363.833	69.576
1049	364.162	50.608
1050	365.168	70.519
1051	366.817	79.558
1052	367.494	63.749
1053	368.624	70.051
1054	369.742	53.672
1055	370.865	76.36
1056	371.122	77.172
1057	371.939	70.299
1058	372.808	54.15
1059	373.894	74.103
1060	375.607	75.367
1061	375.795	64.978
1062	378.162	76.049
1063	379.772	73.963
1064	381.339	78.152
1065	381.711	64.804
1066	384.332	69.501
1067	386.181	48.463
1068	387.533	49.403
1069	388.474	48.509
1070	389.93	73.889
1071	390.384	59.937
1072	391.786	72.13
1073	392.926	63.488
1074	393.553	67.943
1075	394.626	78.583
1076	395.643	65.311
1077	396.715	61.735
1078	399.499	55.847
1079	400.204	61.959
1080	400.882	48.857
1081	401.445	53.554
1082	401.961	72.637
1083	402.865	50.064
1084	404.213	58.824
1085	405.133	59.514
1086	406.462	75.161
1087	407.734	61.151
1088	409.517	76.146
1089	410.738	55.98
1090	412.46	48.352
1091	414.745	59.642
1092	416.578	58.682
1093	417.472	72.913
1094	419.479	61.671
1095	421.539	65.509
1096	422.855	57.896
1097	423.308	72.312
1098	424.876	63.659
1099	427.301	52.866
1100	428.306	56.496
1101	429.491	63.914
1102	431.457	51.741
1103	431.817	52.7
1104	433.348	54.709
1105	434.718	55.796
1106	435.7	59.384
1107	436.188	52.454
1108	438.046	50.671
1109	439.489	51.076
1110	440.297	51.044
1111	442.533	59.002
1112	444.359	57.847
1113	445.847	63.321
1114	447.009	53.556
1115	448.248	59.269
1116	449.252	55.079
1117	451.058	56.084
1118	452.231	60.751
1119	455.288	73.972
1120	480.872	334.831
1121	485.216	241.477
1122	486.035	325.079
1123	486.356	232.863
1124	486.759	278.795
1125	487.7	327.89
1126	488.121	266.233
1127	488.824	188.719
1128	489.661	208.594
1129	490.141	317.891
1130	491.006	262.795
1131	491.867	273.072
1132	492.522	349.435
1133	493.272	348.466
1134	493.839	175.772
1135	494.508	372.029
1136	494.83	174.778
1137	495.311	262.529
1138	495.699	232.135
1139	495.73	175.982
1140	496.058	311.919
1141	496.213	346.151
1142	497.08	251.411
1143	497.592	277.648
1144	498.615	321.004
1145	499.348	327.046
1146	500.261	264.723
1147	500.896	228.076
1148	502.061	308.524
1149	502.412	273.52
1150	503.806	193.192
1151	505.413	338.048
1152	506.234	203.63
1153	506.661	272.982
1154	507.103	198.025
1155	507.867	231.304
1156	508.158	194.442
1157	508.522	181.015
1158	509.631	331.831
1159	510.06	299.833
1160	510.995	164.336
1161	511.274	185.284
1162	512.052	330.97
1163	512.474	312.885
1164	512.707	363.166
1165	513.433	272.337
1166	513.942	309.618
1167	514.896	338.554
1168	515.489	181.802
1169	515.637	172.259
1170	515.971	168.484
1171	516.882	243.334
1172	517.255	357.003
1173	517.496	170.072
1174	517.887	375.45
1175	518.631	258.059
1176	518.912	262.173
1177	519.05	275.865
1178	521.297	365.091
1179	521.577	324.102
1180	521.922	265.562
1181	522.173	361.623
1182	522.66	266.664
1183	523.306	331.784
1184	523.525	289.952
1185	524.095	255.166
1186	525.058	322.106
1187	525.683	310.979
1188	526.41	204.544
1189	526.837	185.48
1190	527.096	366.064
1191	527.808	306.467
1192	528.442	254.458
1193	529.27	198.847
1194	529.626	263.193
1195	530.131	166.028
1196	530.802	293.405
1197	531.122	365.629
1198	531.457	227.77
1199	531.702	296.293
1200	532.02	283.149
1201	532.132	199.358
1202	532.647	326.492
1203	532.878	234.675
1204	533.192	160.673
1205	533.877	220.304
1206	534.15	274.941
1207	534.923	201.415
1208	535.435	167.846
1209	535.984	204.646
1210	536.212	234.512
1211	536.616	227.524
1212	536.745	174.493
1213	537.329	309.338
1214	537.521	244.539
1215	538.817	379.651
1216	539.194	278.559
1217	539.774	172.602
1218	539.844	314.595
1219	540.037	277
1220	540.395	329.338
1221	540.609	163.443
1222	540.875	203.393
1223	541.6	359.202
1224	541.962	207.813
1225	543.076	233.018
1226	543.266	165.854
1227	544.265	350.96
1228	544.443	172.071
1229	545.03	301.581
1230	545.303	301.635
1231	545.665	172.952
1232	545.98	364.976
1233	546.914	359.652
1234	548.245	348.933
1235	548.338	342.74
1236	548.628	227.947
1237	549.035	290.121
1238	549.559	170.365
1239	549.987	290.017
1240	552.43	368.72
1241	20.163	135.455
1242	22.54	133.792
1243	23.601	139.432
1244	27.562	131.582
1245	29.526	136.135
1246	32.592	135.646
1247	34.601	149.79
1248	38.274	145.324
1249	40.537	149.816
1250	46.921	131.675
1251	48.715	151.548
1252	54.139	129.718
1253	54.596	127.531
1254	55.752	131.06
1255	56.923	131.517
1256	57.837	132.443
1257	58.408	132.9
1258	59.909	131.622
1259	61.463	133.798
1260	63.28	128.257
1261	65.549	138.53
1262	68.142	144.341
1263	70.974	135.507
1264	71.675	126.72
1265	73.756	131.251
1266	75.71	129.162
1267	76.753	144.234
1268	78.764	145.557
1269	81.256	146.509
1270	82.402	142.087
1271	83.626	142.361
1272	84.094	124.809
1273	88.248	151.101
1274	89.82	147.771
1275	90.21	124.418
1276	91.216	127.902
1277	92.038	147.397
1278	94.98	123.231
1279	97.174	149.764
1280	99.236	140.842
1281	99.415	132.784
1282	100.697	148.987
1283	101.718	151.445
1284	102.192	128.267
1285	102.345	156.875
1286	104.671	131.178
1287	105.947	120.576
1288	106.423	153.835
1289	109.149	137.643
1290	110.612	143.044
1291	112.654	145.227
1292	113.741	153.157
1293	117.786	150.827
1294	120.133	119.53
1295	122.344	126.998
1296	122.97	130.338
1297	124.424	123.629
1298	126.069	150.593
1299	128.502	137.405
1300	129.8	148.397
1301	130.996	142.945
1302	132.985	139.085
1303	138.954	151.225
1304	139.725	142.143
1305	141.033	136.615
1306	143.928	119.499
1307	145.088	127.996
1308	147.137	145.576
1309	150.874	143.991
1310	151.57	132.643
1311	152.641	126.352
1312	154.816	124.228
1313	155.562	137.586
1314	156.685	116.021
1315	159.459	159.694
1316	160.652	135.253
1317	161.822	145.008
1318	163.865	133.157
1319	164.448	146.123
1320	166.413	127.977
1321	167.876	124.219
1322	168.858	116.553
1323	170.047	154.26
1324	174.158	123.771
1325	176.448	134.225
1326	178.697	124.466
1327	179.603	125.417
1328	180.723	152.672
1329	183.14	149.104
1330	185.67	143.05
1331	189.056	120.449
1332	190.099	136.46
1333	191.786	116.852
1334	192.382	128.013
1335	193.626	133.698
1336	194.39	114.376
1337	195.738	135.992
1338	198.6	155.586
1339	199.467	135.352
1340	200.434	114.484
1341	203.988	141.826
1342	206.186	119.585
1343	206.79	126.155
1344	207.826	144.105
1345	208.591	129.315
1346	211.667	148.61
1347	212.739	151.245
1348	213.784	159.809
1349	216.198	138.852
1350	217.273	132.778
1351	219.627	133.476
1352	220.024	150.138
1353	221.087	124.243
1354	221.448	112.89
1355	222.243	128.54
1356	223.322	146.254
1357	225.3	119.518
1358	226.192	115.616
1359	227.152	111.342
1360	228.003	115.449
1361	229.062	118.111
1362	231.865	119.5
1363	232.564	123.819
1364	233.056	159.382
1365	233.971	122.505
1366	235.537	139.907
1367	236.322	150.657
1368	237.016	144.844
1369	238.188	151.559
1370	238.685	156.991
1371	240.516	150.911
1372	242.275	148.436
1373	242.966	156.867
1374	243.745	144.246
1375	244.482	156.06
1376	244.964	156.2
1377	246.113	148.951
1378	246.408	153.451
1379	248.583	110.92
1380	249.141	141.036
1381	249.995	130.426
1382	251.757	134.636
1383	252.769	149.487
1384	254.687	119.377
1385	254.895	159.468
1386	255.668	135.436
1387	256.683	135.129
1388	257.022	148.442
1389	258.886	143.29
1390	261.13	150.724
1391	261.35	123.095
1392	262.475	151.48
1393	263.424	154.39
1394	264.568	132.859
1395	265.271	136.056
1396	265.645	148.981
1397	266.535	126.489
1398	268.389	149.466
1399	268.992	128.756
1400	270.461	159.535
1401	272.095	116.329
1402	272.8	131.06
1403	273.96	112.132
1404	274.629	126.368
1405	275.433	159.832
1406	276.017	155.483
1407	276.4	147.304
1408	277.327	152.237
1409	278.876	160.939
1410	280.239	133.911
1411	280.972	135.362
1412	281.773	151.874
1413	282.664	137.674
1414	285.095	110.859
1415	286.109	146.389
1416	287.04	161.174
1417	287.998	162.888
1418	288.741	127.745
1419	289.269	146.349
1420	290.278	120.803
1421	290.594	126.369
1422	291.729	141.952
1423	292.221	147.908
1424	293.231	160.734
1425	294.203	111.993
1426	294.478	144.722
1427	297.582	126.619
1428	298.336	152.056
1429	300.213	149.197
1430	300.479	111.716
1431	301.491	125.282
1432	301.988	147.122
1433	303.514	128.15
1434	304.495	148.12
1435	304.844	150.956
1436	305.023	146.022
1437	305.32	117.454
1438	306.886	158.827
1439	308.903	133.036
1440	309.514	108.966
1441	310.989	149.599
1442	312.728	131.854
1443	313.972	138.096
1444	314.744	123.795
1445	315.034	162.594
1446	318.113	119.776
1447	318.642	125.897
1448	320.046	142.62
1449	321.235	110.232
1450	323.767	137.205
1451	325.108	149.343
1452	326.088	157.696
1453	326.944	115.167
1454	327.722	108.153
1455	328.09	119.36
1456	328.568	125.463
1457	328.882	133.027
1458	329.07	130.705
1459	331.298	150.178
1460	332.78	117.426
1461	332.962	139.875
1462	333.176	142.43
1463	334.072	145.903
1464	334.732	118.522
1465	335.609	112.523
1466	336.048	106.842
1467	336.464	109.636
1468	337.301	121.584
1469	338.975	142.92
1470	340.076	140.209
1471	340.733	130.657
1472	341.432	148.501
1473	342.143	135.803
1474	342.561	118.268
1475	342.76	159.119
1476	343.347	120.624
1477	345.759	112.959
1478	346.177	142.695
1479	347.01	162.25
1480	348.324	155.248
1481	348.847	121.319
1482	349.27	104.102
1483	350.268	155.018
1484	351.355	130.904
1485	352.184	116.145
1486	352.6	153.59
1487	353.529	165.407
1488	353.965	109.725
1489	354.898	104.62
1490	355.471	131.498
1491	356.412	115.175
1492	357.903	159.996
1493	358.739	148.101
1494	359.707	110.247
1495	360.877	135.827
1496	361.789	151.029
1497	362.986	105.904
1498	363.991	161.374
1499	364.349	124.248
1500	365.072	123.332
1501	365.712	109.745
1502	366.139	161.967
1503	367.357	157.376
1504	368.109	148.878
1505	370.159	132.535
1506	370.341	122.888
1507	371.905	151.124
1508	372.141	146.876
1509	372.809	101.883
1510	373.572	124.196
1511	374.806	110.627
1512	375.012	166.118
1513	375.493	148.985
1514	375.997	128.038
1515	376.54	115.948
1516	377.539	134.109
1517	379.408	133.052
1518	379.881	147.462
1519	380.49	164.797
1520	380.935	116.036
1521	381.989	104.546
1522	382.408	128.653
1523	383.107	109.26
1524	383.366	158.673
1525	383.876	166.926
1526	384.802	112.571
1527	385.689	126.766
1528	386.499	126.074
1529	386.875	149.056
1530	388.105	141.878
1531	389.451	102.493
1532	391.529	106.554
1533	392.474	158.959
1534	393.363	160.461
1535	393.913	162.008
1536	394.391	144.514
1537	394.913	107.693
1538	395.405	137.845
1539	395.852	135.215
1540	396.776	119.499
1541	397.641	139.632
1542	399.164	105.794
1543	399.918	165.557
1544	401.254	134.953
1545	402.096	162.859
1546	402.61	108.187
1547	403.609	147.19
1548	405.196	157.791
1549	405.949	154.721
1550	406.65	161.996
1551	408.269	136.817
1552	409.474	109.904
1553	411.081	110.178
1554	412.274	164.404
1555	413.416	142.217
1556	413.929	153.953
1557	414.675	155.706
1558	415.76	158.422
1559	415.947	148.758
1560	417.508	159.855
1561	418.315	141.355
1562	419.537	148.749
1563	420.437	134.559
1564	420.996	156.976
1565	421.305	104.089
1566	421.528	107.615
1567	423.015	155.494
1568	423.708	124.388
1569	424.648	154.398
1570	425.93	147.334
1571	426.891	113.192
1572	427.803	109.824
1573	429.384	98.402
1574	429.747	111.753
1575	430.327	117.361
1576	431.114	166.059
1577	431.724	114.938
1578	432.267	156.525
1579	432.536	117.196
1580	433.09	104.252
1581	434.12	115.038
1582	435.246	158.305
1583	435.818	162.484
1584	436.959	147.122
1585	438.152	137.398
1586	438.75	98.508
1587	439.579	169.047
1588	439.691	141.413
1589	440.249	117.888
1590	442.137	130.39
1591	442.7	167.665
1592	443.017	137.065
1593	443.897	163.984
1594	444.519	96.789
1595	445.233	127.048
1596	445.52	112.532
1597	446.048	104.647
1598	446.788	124.089
1599	447.624	107.356
1600	448.034	107.531
1601	448.515	169.29
1602	449.34	132.426
1603	449.89	94.756
1604	450.602	154.409
1605	451.759	127.084
1606	452.486	136.176
1607	452.895	98.269
1608	454.448	155.473
1609	454.853	146.684
1610	19.63	349.476
1611	22.691	367.157
1612	23.878	357.674
1613	25.846	359.834
1614	26.461	342.387
1615	27.403	350.942
1616	29.272	353.44
1617	31.412	383.076
1618	32.358	371.62
1619	33.132	371.771
1620	33.892	337.602
1621	35.6	383.954
1622	37.084	333.971
1623	37.494	335.178
1624	38.315	359.756
1625	38.604	396.243
1626	39.737	361.884
1627	40.679	388.344
1628	41.653	319.618
1629	42.345	394.862
1630	43.797	340.708
1631	44.178	332.407
1632	44.706	365.156
1633	46.428	355.147
1634	47.515	356.629
1635	48.115	342.562
1636	49.459	350.855
1637	50.221	334.949
1638	51.055	379.387
1639	52.212	327.486
1640	53.565	363.259
1641	54.699	345.209
1642	56.059	385.797
1643	57.262	381.326
1644	59.588	357.893
1645	61.471	379.243
1646	61.998	387.088
1647	63.099	339.609
1648	64.309	352.468
1649	64.903	367.009
1650	65.812	393.432
1651	66.669	364.468
1652	67.612	375.903
1653	68.008	383.416
1654	68.789	372.091
1655	71.037	360.484
1656	73.94	345.452
1657	74.735	339.028
1658	75.428	379.489
1659	76.856	362.964
1660	78.884	351.998
1661	79.65	373.082
1662	81.327	329.31
1663	82.628	386.988
1664	83.23	367.24
1665	83.711	341.459
1666	84.957	388.822
1667	85.27	389.035
1668	86.209	368.775
1669	87.567	398.195
1670	91.831	373.494
1671	92.391	365.471
1672	92.829	375.571
1673	94.331	374.994
1674	95.679	355.861
1675	98.554	327.855
1676	100.356	343.139
1677	101.355	392.531
1678	102.682	396.718
1679	103.281	392.931
1680	104.011	363.262
1681	104.786	331.155
1682	105.121	344.324
1683	106.15	372.175
1684	108.516	334.433
1685	108.74	389.766
1686	109.958	400.941
1687	111.22	345.926
1688	112.781	389.315
1689	113.842	391.853
1690	114.926	340.23
1691	115.261	349.419
1692	116.562	346.507
1693	116.922	394.277
1694	118.894	334.391
1695	119.6	375.124
1696	120.381	370.344
1697	120.825	334.534
1698	122.749	338.957
1699	125.508	353.338
1700	126.19	382.555
1701	127.186	365.922
1702	127.912	353.864
1703	128.304	353.219
1704	129.391	328.166
1705	130.542	349.603
1706	130.862	372.719
1707	131.724	353.369
1708	132.643	327.94
1709	133.877	379.068
1710	134.885	329.977
1711	135.315	357.724
1712	137.015	340.944
1713	137.442	367.477
1714	138.355	394.453
1715	139.28	378.471
1716	140.046	371.254
1717	140.794	348.667
1718	141.719	382.129
1719	143.696	389.256
1720	144.511	391.301
1721	145.283	382.486
1722	146.735	363.463
1723	147.796	323.203
1724	148.646	373.737
1725	149.749	394.613
1726	150.137	343.403
1727	152.39	373.589
1728	152.761	398.566
1729	154.49	389.909
1730	155.075	357.295
1731	157.744	325.818
1732	159.24	376.091
1733	160.202	380.371
1734	161.99	365.087
1735	162.862	339.485
1736	164.314	341.107
1737	164.805	318.129
1738	166.374	340.962
1739	168.254	391.485
1740	169.13	392.663
1741	171.751	373.785
1742	173.256	389.621
1743	173.481	384.481
1744	174.257	314.826
1745	174.701	329.036
1746	175.309	345.168
1747	175.93	353.58
1748	177.14	368.486
1749	177.867	371.715
1750	178.184	317.635
1751	179.134	323.988
1752	179.369	326.522
1753	180.012	381.236
1754	180.725	330.761
1755	181.608	343.612
1756	183.608	384.239
1757	184.551	356.24
1758	184.854	326.746
1759	185.522	318.843
1760	185.979	381.037
1761	186.061	333.279
1762	187.069	317.164
1763	187.73	337.019
1764	188.529	309.77
1765	189.777	336.671
1766	192.081	334.49
1767	192.965	370.724
1768	193.226	383.806
1769	194.004	345.934
1770	194.615	317.75
1771	195.402	318.689
1772	195.7	341.63
1773	197.125	358.948
1774	197.687	384.699
1775	198.43	396.933
1776	199.645	359.01
1777	200.389	367.112
1778	201.408	333.623
1779	202.13	369.695
1780	203.031	304.539
1781	203.492	344.555
1782	203.626	332.286
1783	205.471	360.552
1784	205.983	354.271
1785	207.846	313.296
1786	208.828	347.435
1787	210.178	381.39
1788	211.081	346.189
1789	212.218	352.546
1790	212.441	335.582
1791	212.709	346.273
1792	212.975	355.365
1793	213.517	328.602
1794	214.337	383.732
1795	214.778	352.766
1796	215.837	395.339
1797	216.275	344.837
1798	216.691	299.908
1799	217.011	348.172
1800	217.927	376.302
1801	218.218	369.903
1802	219.168	338.646
1803	219.975	381.722
1804	220.203	342.417
1805	221.014	313.268
1806	221.483	335.171
1807	222.342	310.161
1808	223.5	331.001
1809	223.912	299.244
1810	224.663	400.324
1811	224.856	382.039
1812	226.199	343.957
1813	227.477	336.655
1814	228.534	347.878
1815	229.163	368.545
1816	229.257	397.519
1817	229.736	305.988
1818	232.237	391.361
1819	232.926	374.289
1820	233.61	292.224
1821	234.479	299.916
1822	234.85	371.915
1823	235.435	317.97
1824	235.89	309.186
1825	236.433	366.293
1826	237.501	326.768
1827	238.334	302.021
1828	238.515	307.758
1829	239.226	356.51
1830	239.499	341.685
1831	240.196	336.499
1832	240.473	368.099
1833	241.59	342.149
1834	241.891	381.061
1835	242.966	390.113
1836	243.324	285.619
1837	244.477	382.524
1838	244.779	381.582
1839	245.247	285.977
1840	246.079	326.126
1841	247.13	318.996
1842	247.822	333.245
1843	248.125	346.789
1844	248.591	292.215
1845	249.807	311.445
1846	250.294	351.677
1847	251.711	366.227
1848	252.868	284.662
1849	253.215	385.3
1850	253.658	282.454
1851	253.755	322.149
1852	254.04	389.891
1853	254.356	327.074
1854	255.184	364.71
1855	255.626	399.492
1856	255.924	311.035
1857	256.963	381.075
1858	257.238	289.789
1859	258.056	330.499
1860	259.155	373.736
1861	259.768	309.523
1862	259.905	281.671
1863	261.23	299.372
1864	262.001	361.898
1865	262.411	357.32
1866	263.693	305.648
1867	263.977	305.759
1868	264.761	377.055
1869	265.614	399.174
1870	266.554	304.575
1871	266.705	350.153
1872	267.081	313.846
1873	267.452	290.026
1874	267.748	352.889
1875	268.215	334.102
1876	268.604	347.187
1877	269.071	331.948
1878	269.557	319.773
1879	270.599	360.545
1880	270.766	348.803
1881	271.375	341.773
1882	271.554	292.768
1883	272.273	396.064
1884	273.29	293.129
1885	273.852	297.201
1886	274.456	393.318
1887	275.018	390.815
1888	275.965	341.212
1889	276.379	364.671
1890	277.239	319.648
1891	277.636	287.894
1892	277.865	295.799
1893	278.699	327.014
1894	279.889	382.823
1895	280.581	351.827
1896	281.568	307.436
1897	281.765	373.226
1898	282.162	293.951
1899	282.322	342.371
1900	282.66	351.256
1901	283.452	376.83
1902	284.714	302.182
1903	285.139	346.886
1904	285.723	363.942
1905	285.857	345.885
1906	286.249	346.898
1907	286.682	351.613
1908	287.241	384.163
1909	288.326	384.467
1910	288.669	377.337
1911	289.253	338.963
1912	289.52	333.788
1913	290.63	361.425
1914	291.376	308.967
1915	292.198	358.362
1916	292.543	298.838
1917	293.355	324.01
1918	293.751	306.411
1919	294.182	378.559
1920	294.614	325.861
1921	296.555	306.575
1922	296.958	382.22
1923	298.207	299.327
1924	298.671	377.606
1925	300.118	353.163
1926	300.996	375.288
1927	301.39	338.523
1928	302.585	360.149
1929	303.038	377.79
1930	303.779	378.984
1931	304.234	301.891
1932	305.172	359.986
1933	305.648	303.526
1934	307.581	397.806
1935	308.518	400.249
1936	309.301	336.652
1937	309.991	306.869
1938	310.802	389.039
1939	311.134	343.202
1940	311.648	387.505
1941	312.849	337.028
1942	313.275	394.552
1943	313.773	392.062
1944	314.734	372.732
1945	315.007	365.965
1946	317.379	371.384
1947	317.912	382.673
1948	318.992	315.658
1949	319.649	372.035
1950	320.654	321.73
1951	321.207	387.65
1952	321.734	373.914
1953	322.403	326.447
1954	323.134	398.075
1955	324.948	366.022
1956	325.339	347.075
1957	326.037	371.664
1958	327.784	334.158
1959	328.515	323.344
1960	329.41	340.427
1961	330.088	350.123
1962	330.401	371.878
1963	331.529	351.491
1964	332.463	327.332
1965	334.078	339.272
1966	334.874	311.798
1967	335.542	367.419
1968	337.687	384.806
1969	338.011	390.244
1970	339.267	342.463
1971	339.761	334.525
1972	340.794	318.997
1973	341.5	322.826
1974	342.018	342.896
1975	342.468	358.592
1976	342.961	346.798
1977	343.296	315.26
1978	343.613	386.365
1979	343.854	369.105
1980	344.749	348.701
1981	345.608	349.167
1982	347.346	373.371
1983	347.688	359.336
1984	348.557	397.396
1985	349.286	394.957
1986	349.841	331.45
1987	351.698	350.463
1988	353.635	338.307
1989	354.384	365.922
1990	355.433	317.592
1991	356.506	324.225
1992	356.941	374.429
1993	357.544	360.146
1994	358.707	394.035
1995	359.02	386.164
1996	359.226	369.82
1997	359.884	365.271
1998	360.191	319.999
1999	360.986	370.84
2000	361.176	323.365
2001	361.983	340.434
2002	363.552	350.567
2003	364.138	389.774
2004	364.31	400.75
2005	364.868	371.305
2006	365.271	394.511
2007	367.192	377.158
2008	368.095	322.415
2009	368.875	381.008
2010	370.46	385.538
2011	371.19	373.831
2012	373.018	364.119
2013	373.965	322.584
2014	374.933	379.476
2015	375.286	385.352
2016	376.258	337.189
2017	379.053	325.039
2018	379.967	376.652
2019	381.251	382.6
2020	382.274	330.678
2021	382.877	361.738
2022	383.532	392.374
2023	385.117	359.703
2024	386.335	338.236
2025	386.801	364.83
2026	387.565	393.354
2027	387.701	383.558
2028	388.808	325.055
2029	389.141	383.174
2030	389.596	366.305
2031	390.214	325.705
2032	391.248	391.097
2033	392.615	351.181
2034	392.911	350.535
2035	394.155	345.312
2036	395.88	377.841
2037	396.936	371.517
2038	397.628	321.44
2039	398.174	386.012
2040	399.255	393.952
2041	400.306	357.416
2042	401.899	349.845
2043	404.031	348.756
2044	404.279	389.834
2045	405.065	348.706
2046	406.237	362.886
2047	406.969	352.447
2048	408.012	393.706
2049	408.556	383.086
2050	409.45	398.005
2051	410.003	346.277
2052	410.776	351.986
2053	412.663	382.547
2054	413.546	365.278
2055	415.726	363.253
2056	417.072	375.138
2057	417.484	355.655
2058	418.502	373.409
2059	420.889	384.816
2060	421.985	369.462
2061	424.566	372.556
2062	425.837	342.892
2063	427.491	356.414
2064	429.937	337.217
2065	430.432	351.46
2066	431.508	375.668
2067	432.453	387.599
2068	433.123	365.432
2069	434.134	370.212
2070	434.78	349.47
2071	435.925	369.221
2072	436.832	390.254
2073	438.054	344.923
2074	438.312	354.268
2075	440.18	344.595
2076	441.388	374.623
2077	443.013	375.385
2078	445.226	339.88
2079	446.536	337.299
2080	446.721	350.344
2081	447.578	342.993
2082	451.617	372.611
2083	453.138	368.993
2084	454.069	369.96
2085	456.558	342.868
2086	458.943	375.9
2087	460.569	367.608
2088	461.574	358.047
2089	462.669	356.61
2090	463.312	352.626
2091	465.684	360.702
2092	466.62	368.253
2093	468.655	352.672
2094	504.028	55.227
2095	510.743	61.946
2096	513.031	52.542
2097	513.689	53.478
2098	516.584	62.239
2099	517.117	61.721
2100	519.542	71.158
2101	519.789	66.485
2102	519.829	81.693
2103	520.208	53.968
2104	520.663	84.578
2105	521.054	64.937
2106	523.901	80.038
2107	524.201	63.799
2108	524.789	72.777
2109	526.183	92.373
2110	527.265	65.492
2111	528.743	59.36
2112	530.023	98.811
2113	533.453	90.643
2114	533.642	88.332
2115	534.593	81.006
2116	536.044	62.266
2117	537.817	72.697
2118	538.113	64.413
2119	538.659	111.169
2120	539.337	75.1
2121	540.131	73.454
2122	540.19	76.69
2123	541.149	109.533
2124	541.823	89.65
2125	542.869	65.846
2126	543.921	112.783
2127	546.255	83.295
2128	547.246	112.738
2129	548.017	111.445
2130	548.185	126.194
2131	548.547	104.378
2132	551.222	104.242
2133	551.976	116.697
2134	552.784	110.715
2135	554.142	122.696
2136	554.637	106.999
2137	554.814	90.925
2138	556.079	120.762
2139	556.591	133.378
2140	556.841	121.529
2141	557.139	125.728
2142	557.441	100.475
2143	558.661	134.89
2144	559.491	112.552
2145	559.991	125.34
2146	560.38	142.154
2147	561.281	120.642
2148	562.481	108.078
2149	563.169	103.119
2150	563.799	314.189
2151	564.012	341.848
2152	564.681	143.322
2153	564.849	148.328
2154	565.067	299.003
2155	565.246	317.064
2156	565.441	146.231
2157	566.003	325.107
2158	566.114	345.167
2159	566.22	126.081
2160	566.523	163.97
2161	566.62	347.415
2162	566.86	174.176
2163	566.956	179.487
2164	567.22	125.456
2165	567.29	328.439
2166	567.449	323.849
2167	567.561	349.433
2168	567.88	209.984
2169	567.952	311.985
2170	568.045	185.988
2171	568.391	312.555
2172	568.56	253.928
2173	568.724	284.118
2174	568.829	236.282
2175	568.915	123.298
2176	569.107	302.503
2177	569.372	124.686
2178	569.488	239.794
2179	569.685	201.226
2180	570.207	158.788
2181	570.513	234.551
2182	570.883	191.138
2183	570.987	151.505
2184	571.027	168.509
2185	571.197	291.11
2186	571.532	182.715
2187	571.883	216.723
2188	572.064	271.436
2189	572.263	185.926
2190	572.338	198.167
2191	572.566	308.345
2192	572.816	183.224
2193	572.948	357.202
2194	573.264	243.103
2195	573.385	152.264
2196	573.915	135.807
2197	574.091	293.097
2198	574.571	245.353
2199	574.859	362.817
2200	575.025	286.235
2201	575.128	231.212
2202	575.463	220.713
2203	575.766	123.604
2204	575.963	346.134
2205	576.146	274.988
2206	576.292	127.909
2207	576.377	292.105
2208	576.849	295.941
2209	577.072	259.181
2210	577.221	300.215
2211	577.36	230.811
2212	577.5	221.246
2213	577.551	145.808
2214	577.804	320.07
2215	577.937	331.004
2216	578.177	296.176
2217	578.199	250.657
2218	578.284	155.48
2219	578.397	205.368
2220	578.487	291.93
2221	578.853	137.311
2222	579.048	360.826
2223	579.176	379.559
2224	579.282	360.992
2225	579.402	223.282
2226	579.676	313.344
2227	579.843	344.934
2228	579.96	211.026
2229	580.044	219.853
2230	580.409	172.457
2231	580.45	300.179
2232	580.726	217.399
2233	580.92	148.427
2234	580.991	217.541
2235	581.035	377.345
2236	581.328	213.396
2237	581.662	298.031
2238	581.908	134.275
2239	582.187	191.983
2240	582.493	129.271
2241	582.583	131.719
2242	582.876	153.416
2243	583.156	133.197
2244	583.455	374.931
2245	583.61	155.124
2246	583.787	329.809
2247	583.834	200.943
2248	583.946	274.24
2249	584.068	242.799
2250	584.171	226.237
2251	584.614	359.845
2252	584.684	267.184
2253	584.721	217.028
2254	584.92	321.48
2255	585.22	358.711
2256	585.356	318.592
2257	585.679	320.137
2258	586.012	246.075
2259	586.193	129.596
2260	586.391	150.932
2261	586.575	249.375
2262	586.822	131.428
2263	587.086	199.17
2264	587.262	240.233
2265	587.363	221.569
2266	587.439	205.984
2267	587.594	170.538
2268	587.807	194.82
2269	587.925	254.724
2270	588.057	354.096
2271	588.194	257.233
2272	588.262	247.201
2273	588.288	128.991
2274	588.495	283.926
2275	588.976	229.133
2276	589.019	340.729
2277	589.259	232.24
2278	589.537	209.663
2279	589.792	290.991
2280	590.027	338.037
2281	590.252	198.071
2282	590.399	155.03
2283	590.562	305.318
2284	590.798	317.45
2285	591.114	180.042
2286	591.156	368.362
2287	591.35	304.522
2288	591.729	184.134
2289	591.975	370.581
2290	592.212	171.273
2291	592.51	159.02
2292	592.682	368.321
2293	592.784	282.055
2294	592.91	129.215
2295	592.978	169.718
2296	593.103	361.339
2297	593.174	382.389
2298	593.584	300.721
2299	593.664	277.234
2300	593.807	155.468
2301	594.023	138.445
2302	594.21	238.329
2303	594.33	185.75
2304	594.502	324.827
2305	594.554	191.805
2306	594.706	335.182
2307	594.986	254.981
2308	595.124	180.942
2309	595.352	167.91
2310	595.426	321.672
2311	595.622	225.465
2312	595.659	175.996
2313	595.783	253.859
2314	595.848	201.982
2315	596.162	300.781
2316	596.366	268.087
2317	596.576	212.327
2318	596.822	131.08
2319	596.967	171.221
2320	597.105	139.119
2321	597.228	247.438
2322	597.332	348.475
2323	597.527	208.034
2324	597.694	294.257
2325	597.795	203.989
2326	598.029	150.373
2327	598.355	266.608
2328	598.66	339.573
2329	598.936	308.396
2330	599.25	174.396
2331	599.427	315.671
2332	599.584	374.813
2333	599.745	146.914
2334	599.843	141.491
2335	600.073	317.714
2336	600.177	276.823
2337	600.414	344.423
2338	600.582	139.046
2339	600.707	239.265
2340	600.859	302.851
2341	600.957	379.96
2342	601.285	356.755
2343	601.49	251.212
2344	601.604	153.194
2345	601.977	365.213
2346	602.191	335.238
2347	602.733	284.104
2348	602.912	354.94
2349	603.15	324.281
2350	603.373	360.198
2351	603.558	331.077
2352	603.917	221.381
2353	603.995	302.343
2354	604.082	130.127
2355	604.23	385.626
2356	604.465	370.468
2357	604.631	262.499
2358	605.185	138.466
2359	605.358	215.403
2360	605.6	308.35
2361	605.856	279.482
2362	606.103	374.552
2363	606.362	262.293
2364	606.761	360.66
2365	607.099	311.835
2366	607.169	312.57
2367	607.354	349.464
2368	607.547	333.494
2369	607.835	367.067
2370	608.015	139.512
2371	608.174	176.187
2372	608.496	237.74
2373	608.728	272.892
2374	608.915	350.525
2375	609.239	223.566
2376	609.287	179.413
2377	609.635	278.034
2378	609.773	147.967
2379	609.962	319.468
2380	610.173	319.096
2381	610.265	203.962
2382	610.402	231.619
2383	610.71	298.128
2384	610.928	176.848
2385	611.057	209.789
2386	611.292	347.619
2387	611.407	127.679
2388	611.549	365.704
2389	611.839	177.838
2390	612.234	268.038
2391	612.521	203.777
2392	612.663	285.108
2393	612.759	346.325
2394	613.265	211.308
2395	613.42	267.645
2396	613.73	369.371
2397	613.927	168.511
2398	614.175	162.138
2399	614.349	316.53
2400	614.877	357.195
2401	615.224	153.596
2402	615.307	166.364
2403	615.343	305.332
2404	615.473	243.94
2405	615.647	170.137
2406	615.857	348.684
2407	615.976	297.076
2408	616.189	294.695
2409	616.567	234.514
2410	616.625	234.837
2411	616.789	157.771
2412	616.984	304.459
2413	617.082	309.042
2414	617.209	166.945
2415	617.359	340.698
2416	617.576	138.562
2417	617.786	206.85
2418	618.009	307.813
2419	618.304	214.915
2420	618.357	202.963
2421	618.506	198.618
2422	618.613	236.333
2423	618.863	162.446
2424	619.34	276.388
2425	619.418	175.424
2426	619.453	228.333
2427	619.66	262.822
2428	619.905	177.5
2429	620.082	359.154
2430	620.327	337.93
2431	620.758	155.255
2432	620.875	172.556
2433	620.931	216.611
2434	621.161	256.027
2435	621.269	210.442
2436	621.755	358.685
2437	621.881	156.251
2438	621.987	150.63
2439	622.036	359.822
2440	622.132	167.384
2441	622.57	277.084
2442	622.811	325.948
2443	622.995	293.109
2444	623.156	344.808
2445	623.327	319.128
2446	623.618	290.868
2447	623.724	277.57
2448	623.768	270.129
2449	624.131	208.597
2450	624.215	200.356
2451	624.39	337.081
2452	624.7	179.035
2453	624.888	211.609
2454	624.934	258.239
2455	625.317	181.469
2456	625.415	227.66
2457	625.65	167.6
2458	625.769	140.199
2459	625.928	253.514
2460	626.089	307.353
2461	626.213	284.3
2462	626.377	273.54
2463	626.545	237.412
2464	626.826	294.339
2465	626.985	140.82
2466	627.252	273.933
2467	627.39	272.513
2468	627.436	125.475
2469	627.515	314.964
2470	627.756	237.811
2471	627.971	188.982
2472	628.566	262.255
2473	628.944	130.454
2474	629.396	169.871
2475	629.657	140.104
2476	629.783	140.089
2477	630.164	198.043
2478	630.334	167.752
2479	630.471	293.513
2480	630.876	313.745
2481	631.366	155.726
2482	631.727	135.269
2483	631.99	187.382
2484	632.044	191.112
2485	632.247	144.479
2486	633.195	164.1
2487	633.8	104.46
2488	634.52	157.802
2489	635.519	151.448
2490	636.629	98.137
2491	637.155	133.187
2492	637.985	129.206
2493	638.43	123.668
2494	639.189	146.078
2495	639.913	101.291
2496	640.398	146.905
2497	640.874	88.532
2498	641.526	71.193
2499	641.833	130.098
2500	642.096	134.914
2501	642.65	66.026
2502	642.931	72.046
2503	643.305	70.147
2504	644.189	105.402
2505	644.326	87.593
2506	644.568	67.488
2507	644.897	97.698
2508	646.183	73.295
2509	646.309	134.465
2510	647.109	96.616
2511	647.336	62.26
2512	647.832	77.936
2513	648.663	101.896
2514	649.185	115.621
2515	649.603	78.791
2516	651.034	102.031
2517	651.791	79.026
2518	651.904	69.127
2519	653.323	82.183
2520	653.676	50.756
2521	654.241	50.978
2522	654.597	61.231
2523	654.814	62.109
2524	655.425	108.417
2525	656.026	65.508
2526	656.46	74.5
2527	656.56	72.458
2528	656.91	86.43
2529	657.276	115.197
2530	657.623	47.035
2531	657.918	79.095
2532	658.613	91.878
2533	659.224	101.421
2534	659.818	73.144
2535	660.509	76.084
2536	661.103	54.241
2537	661.84	85.89
2538	662.95	41.143
2539	663.395	94.227
2540	664.898	49.236
2541	665.146	78.25
2542	665.792	57.659
2543	666.548	86.523
2544	667.492	57.099
2545	668.872	40.505
2546	669.373	81.047
2547	670.007	58.479
2548	671.358	75.474
2549	672.982	50.898
2550	674.599	57.592
