0	660.976	304.225
1	636.213	306.174
2	662.753	307.565
3	657.487	307.74
4	635.273	308.157
5	640.484	309.592
6	660.523	309.613
7	658.759	312.594
8	674.821	315.093
9	649.17	316.174
10	631.858	316.908
11	673.506	317.648
12	637.439	318.289
13	644.003	320.565
14	622.679	320.843
15	655.504	320.916
16	626.318	321.78
17	633.245	322.492
18	678.36	323.472
19	637.081	323.619
20	653.079	324.434
21	639.035	324.523
22	680.978	324.669
23	644.647	325.905
24	652.268	326.389
25	665.755	327.567
26	675.27	327.608
27	631.213	327.95
28	643.6	328.542
29	668.535	329.06
30	658.985	329.159
31	651.423	329.337
32	646.127	329.862
33	683.672	330.534
34	666.442	331.637
35	682.478	331.858
36	640.783	333.145
37	649.948	333.168
38	663.551	333.265
39	624.463	333.342
40	645.513	334.213
41	632.527	334.935
42	639.959	335.242
43	670.422	336.607
44	647.217	340.107
45	685.94	340.389
46	620.777	341.34
47	618.936	341.409
48	679.985	341.547
49	627.324	341.603
50	639.416	342.035
51	622.928	342.459
52	662.056	342.529
53	676.484	342.75
54	642.366	345.063
55	639.621	345.609
56	630.04	346.568
57	646.7	346.681
58	625.209	346.771
59	650.768	347.282
60	672.056	347.548
61	629.259	347.766
62	654.751	347.881
63	656.628	348.501
64	660.134	348.671
65	667.984	349.415
66	642.738	349.951
67	652.024	349.986
68	671.291	350.525
69	637.791	350.903
70	649.556	351.032
71	654.517	352.398
72	659.838	353.262
73	648.966	356.048
74	669.789	357.397
75	665.373	359.929
76	624.855	360.424
77	662.42	360.72
78	626.761	363.811
79	667.14	364.033
80	637.609	364.503
81	648.763	364.824
82	638.583	365.65
83	666.254	366.738
84	653.469	370.728
85	650.43	371.572
86	661.43	372.276
87	153.879	308.064
88	178.29	308.199
89	166.838	308.485
90	153.41	309.122
91	153.636	309.867
92	148.658	310.898
93	170.83	311.777
94	181.997	312.281
95	151.534	315.214
96	158.234	316.942
97	156.903	318.774
98	131.505	318.993
99	171.829	319.959
100	188.385	321.231
101	175.094	321.902
102	149.332	322.096
103	132.401	322.735
104	150.449	322.89
105	172.762	324.576
106	178.86	324.684
107	129.898	326.107
108	140.855	327.583
109	167.174	328.263
110	163.921	328.34
111	145.897	328.558
112	180.488	328.618
113	125.823	328.684
114	154.945	329.416
115	188.031	330.014
116	174.682	330.318
117	162.439	330.402
118	128.484	330.468
119	156.03	330.695
120	187.152	331.229
121	168.092	331.83
122	129.107	332.022
123	129.6	333.61
124	158.713	334.341
125	169.774	334.662
126	191.52	334.977
127	133.87	335.02
128	160.971	335.471
129	185.668	335.604
130	200.468	335.644
131	164.317	335.97
132	142.494	336.65
133	197.979	337.757
134	192.739	338.016
135	123.22	338.794
136	132.062	338.832
137	184.485	339.211
138	162.725	339.915
139	136.333	340.328
140	167.759	340.476
141	188.627	340.491
142	166.321	342.129
143	159.853	342.331
144	193.875	342.382
145	152.072	342.404
146	197.029	342.743
147	132.796	343.359
148	176.53	343.547
149	179.363	343.574
150	178.037	343.672
151	152.655	345.182
152	165.121	345.513
153	162.034	345.997
154	125.206	346.962
155	171.972	349.879
156	191.181	349.959
157	161.773	350.404
158	168.823	350.884
159	127.327	350.908
160	182.901	351.725
161	183.617	352.579
162	175.568	353.932
163	156.466	354.278
164	159.181	354.447
165	184.109	355.875
166	144.133	356.156
167	163.283	357.159
168	174.195	357.187
169	185.038	359.301
170	146.451	359.416
171	142.978	361.95
172	134.443	361.955
173	194.452	363.123
174	144.727	363.41
175	172.193	364.859
176	142.127	365.116
177	186.492	366.136
178	163.71	366.165
179	154.581	366.177
180	141.478	367.346
181	139.807	367.959
182	147.813	369.185
183	138.191	369.528
184	156.592	370.709
185	138.571	371.407
186	176.65	371.485
187	157.497	371.658
188	183.168	372.223
189	170.311	372.819
190	181.366	373.854
191	151.856	375.167
192	165.883	375.174
193	177.629	375.408
194	155.613	377.032
195	152.479	377.285
196	155.358	377.929
197	179.727	378.364
198	147.366	379.114
199	162.91	380.567
200	337.718	305.692
201	338.624	306.106
202	329.298	307.033
203	322.76	307.044
204	342.994	310.67
205	351.887	311.603
206	333.539	311.89
207	333.868	312.928
208	319.884	313.587
209	335.147	314.891
210	321.18	315.663
211	325.111	316.065
212	328.436	316.801
213	356.246	320.109
214	357.739	321.053
215	341.53	321.295
216	309.119	321.986
217	367.37	322.193
218	314.309	322.429
219	324.706	322.709
220	315.665	323.192
221	350.748	323.821
222	366.213	324.547
223	369.885	325.104
224	345.193	326.957
225	323.167	328.544
226	352.146	328.862
227	353.396	329.17
228	319.294	329.545
229	332.038	329.567
230	334.586	329.567
231	355.725	329.737
232	364.513	330.463
233	376.024	330.619
234	371.565	331.405
235	345.661	333.121
236	342.261	333.749
237	320.544	334.019
238	370.213	334.867
239	371.977	335.02
240	336.719	335.237
241	359.632	336.229
242	330.693	336.872
243	303.768	337.46
244	344.49	338.303
245	323.992	338.852
246	343.402	339.059
247	334.993	339.566
248	318.342	340.531
249	311.678	340.689
250	307.329	340.702
251	373.097	340.763
252	354.668	341.4
253	368.188	341.876
254	342.46	342.193
255	295.095	342.319
256	349.378	342.593
257	331.047	343.179
258	304.788	343.217
259	306.04	344.25
260	371.168	345.096
261	300.119	345.111
262	357.02	345.129
263	318.411	345.202
264	310.511	345.281
265	312.171	345.928
266	338.189	348.672
267	312.98	349.579
268	361.789	349.989
269	328.638	350.035
270	301.754	350.545
271	336.078	350.882
272	340.122	351.188
273	349.132	351.455
274	361.162	352.626
275	316.539	353.64
276	327.318	353.692
277	316.021	354.83
278	368.832	354.848
279	362.763	354.907
280	338.883	358.015
281	326.846	358.512
282	365.499	359.163
283	341.805	361.755
284	309.967	361.84
285	337.131	362.059
286	330.765	363.646
287	308.677	364.606
288	304.473	365.008
289	309.395	365.09
290	314.833	365.398
291	308.096	366.369
292	346.037	366.652
293	339.705	367.928
294	317.885	368.544
295	340.258	369.252
296	343.329	369.994
297	347.617	370.365
298	315.049	372.453
299	351.49	372.812
300	321.703	372.978
301	327.576	373.535
302	313.86	374.769
303	358.554	376.035
304	345.291	376.266
305	322.171	376.74
306	331.361	377.574
307	349.633	380.861
308	326.059	381.239
309	321.474	383.121
310	465.741	40.127
311	482.456	41.754
312	477.011	43.279
313	476.6	45.718
314	488.985	46.419
315	490.389	46.649
316	459.989	48.062
317	451.672	48.477
318	447.604	51.804
319	456.12	52.193
320	447.401	52.68
321	489.694	53.469
322	489.323	53.989
323	474.738	54.167
324	468.284	54.237
325	487.319	54.287
326	478.584	54.568
327	517.589	55.822
328	490.101	56.147
329	516.314	56.174
330	453.824	56.455
331	464.638	57.017
332	445.339	57.294
333	507.47	57.687
334	480.505	59.468
335	454.31	59.578
336	446.989	60.668
337	520.495	60.697
338	457.219	61.058
339	501.55	61.489
340	508.426	61.924
341	447.115	62.044
342	442.165	62.166
343	498.974	62.522
344	463.971	62.675
345	519.726	64.114
346	467.813	64.479
347	509.907	64.625
348	515.12	66.087
349	485.224	67.012
350	452.837	67.247
351	502.674	67.575
352	523.466	67.773
353	488.187	67.923
354	504.803	68.302
355	466.572	68.819
356	461.595	69.35
357	473.674	69.556
358	431.04	69.589
359	456.452	70.104
360	450.642	70.156
361	500.674	70.16
362	494.982	70.178
363	512.411	71.274
364	461.568	72.37
365	504.405	73.147
366	449.195	73.234
367	524.047	73.32
368	444.002	73.804
369	503.446	73.822
370	490.326	74.669
371	444.186	74.773
372	443.042	75.007
373	476.081	75.411
374	443.575	75.477
375	516.205	77.533
376	484.653	78.147
377	455.329	78.197
378	459.305	78.72
379	495.572	78.745
380	425.956	78.906
381	526.738	80.445
382	528.601	80.789
383	493.7	81.478
384	470.216	82.183
385	471.17	82.281
386	477.29	82.318
387	536.043	82.472
388	529.99	82.646
389	441.622	82.712
390	482.255	82.785
391	488.474	83.054
392	474.061	83.219
393	531.936	83.234
394	513.167	84.628
395	494.467	84.637
396	535.227	85.103
397	529.089	85.565
398	456.32	85.624
399	518.369	85.695
400	511.716	85.906
401	492.166	86.233
402	448.946	86.545
403	432.501	87.168
404	525.191	87.662
405	497.048	88.247
406	525.932	88.422
407	437.223	89.016
408	429.847	89.107
409	521.958	89.828
410	517.274	90.571
411	537.606	91.828
412	436.353	91.968
413	506.119	92.784
414	527.511	93.643
415	424.294	97.509
416	441.896	97.95
417	436.16	99.51
418	434.226	100.897
419	444.57	101.574
420	428.855	108.992
421	438.753	110.45
422	429.191	112.407
423	437	112.594
424	438.797	115.729
425	421.602	117.717
426	439.119	119.693
427	437.638	120.246
428	445.168	121.036
429	423.173	123.604
430	426.709	125.924
431	428.665	126.795
432	419.133	127.199
433	435.422	127.915
434	445.818	130.619
435	441.056	131.792
436	449.75	132.161
437	436.787	132.524
438	423.113	133.675
439	439.334	133.911
440	423.694	134.56
441	420.737	134.844
442	433.38	135.975
443	427.845	139.381
444	455.69	139.93
445	433.728	140.543
446	427.535	140.842
447	440.13	142.847
448	422.181	143.794
449	432.792	143.799
450	425.758	144.367
451	469.419	144.455
452	435.55	145.395
453	431.419	145.755
454	451.224	145.775
455	440.408	146.542
456	431.209	147.043
457	440.541	147.443
458	429.476	147.655
459	457.738	147.949
460	462.197	148.753
461	458.784	148.79
462	435.104	150.564
463	481.596	150.747
464	470.742	151.028
465	475.537	151.384
466	486.403	152.427
467	479.218	153.336
468	442.739	153.699
469	468.571	154.661
470	487.203	155.054
471	491.499	155.056
472	469.035	155.808
473	492.554	156.945
474	493.331	157.034
475	450.257	157.572
476	430.442	157.874
477	486.966	158.69
478	431.691	161.683
479	475.063	162.051
480	505.503	162.45
481	453.361	162.676
482	485.405	162.724
483	450.017	162.982
484	467.237	163.015
485	444.988	163.518
486	446.606	163.869
487	504.016	164.453
488	483.317	164.96
489	460.405	165.011
490	454.607	165.491
491	448.598	166.01
492	490.836	166.186
493	474.385	166.211
494	452.446	166.814
495	448.289	168.177
496	485.908	168.301
497	460.684	168.549
498	473.044	169.3
499	463.544	169.773
500	441.254	169.819
501	478.121	170.152
502	472.289	170.258
503	456.744	170.562
504	506.497	171.391
505	458.455	171.723
506	480.952	172.104
507	471.724	172.447
508	462.369	172.691
509	462.699	176.173
510	499.357	177.083
511	497.729	179.01
512	476.852	179.141
513	482.757	180.824
514	497.288	116.862
515	504.684	118.564
516	500.45	118.781
517	512.501	118.822
518	515.358	119.685
519	506.057	119.873
520	551.669	119.94
521	513.607	120.024
522	542.261	121.323
523	503.533	123.134
524	538.449	123.666
525	506.288	123.926
526	532.535	124.963
527	535.374	124.987
528	536.336	125.359
529	541.956	125.614
530	504.129	126.134
531	499.386	126.144
532	498.238	126.197
533	510.951	126.254
534	523.702	126.337
535	492.24	127.167
536	533.889	127.493
537	516.126	127.973
538	494.99	128.921
539	556.017	129.036
540	532.113	131.972
541	534.042	133.423
542	509.416	134.11
543	535.72	134.304
544	514.408	135.016
545	493.319	135.26
546	520.422	137.28
547	527.298	137.36
548	524.935	138.144
549	521.854	138.206
550	550.427	140.703
551	510.183	142.282
552	548.844	142.901
553	516.698	142.955
554	528.705	144.861
555	575.8	145.081
556	528.51	145.594
557	525.507	146.165
558	549.351	147.794
559	528.385	149.093
560	574.776	149.666
561	564.062	150.091
562	569.252	150.45
563	580.529	152.58
564	555.511	152.813
565	543.797	153.217
566	523.439	153.221
567	577.096	153.561
568	557.155	153.821
569	540.728	154.218
570	567.029	155.564
571	535	155.746
572	554.604	156.498
573	553.231	157.644
574	565.622	159.177
575	552.675	160.487
576	551.34	161.382
577	552.228	161.539
578	565.391	162.42
579	551.871	163.963
580	561.421	166.072
581	549.795	166.147
582	563.976	166.47
583	557.805	167.451
584	559.049	168.661
585	550.489	169.343
586	563.571	171.008
587	565.895	174.816
588	578.552	176.176
589	558.492	176.966
590	558.076	183.121
591	572.341	183.795
592	548.741	185.141
593	571.997	185.255
594	571.288	186.591
595	568.308	189.231
596	554.133	189.464
597	568.75	190.522
598	574.234	191.904
599	560.184	192.29
600	554.855	194.481
601	545.792	198.292
602	573.339	199.37
603	560.626	201.339
604	484.479	201.808
605	544.398	202.037
606	546.15	202.697
607	544.523	203.247
608	557.549	203.253
609	496.092	204.783
610	545.515	205.062
611	552.079	205.232
612	556.428	205.593
613	480.224	206.366
614	554.335	206.42
615	569.615	206.821
616	549.936	207.559
617	476.785	207.988
618	540.551	208.51
619	570.595	208.906
620	501.173	209.049
621	471.001	209.154
622	553.659	209.159
623	484.712	209.501
624	474.655	209.547
625	570.022	209.903
626	497.611	211.97
627	537.191	211.979
628	476.159	213.082
629	529.146	213.374
630	530.331	213.716
631	560.98	214.079
632	562.351	214.13
633	564.375	214.272
634	487.013	214.471
635	487.71	214.871
636	458.4	214.958
637	520.077	215.482
638	547.348	216.15
639	514.639	216.942
640	568.922	217.769
641	537.99	217.917
642	466.888	218.478
643	533.306	218.951
644	464.185	218.974
645	547.947	218.987
646	543.334	219.389
647	475.069	220.2
648	496.267	220.2
649	537.621	221.068
650	548.078	221.696
651	479.44	221.889
652	526.415	221.976
653	469.176	222.122
654	493.109	222.595
655	504.879	223.245
656	472.424	223.374
657	508.167	224.352
658	501.681	224.604
659	498.585	224.761
660	491.164	225.738
661	558.66	226.102
662	518.744	226.107
663	485.69	226.433
664	505.801	227.197
665	517.547	227.273
666	532.845	227.692
667	511.198	229.151
668	505.328	229.27
669	477.532	230.323
670	559.487	230.512
671	534.237	231.182
672	555.919	231.33
673	496.519	231.653
674	545.041	233.072
675	539.702	233.506
676	484.317	233.798
677	546.902	233.832
678	517.963	234.854
679	484.92	235.709
680	531.058	235.723
681	530.053	235.845
682	473.185	235.903
683	503.429	236.263
684	518.412	236.544
685	490.594	237.163
686	528.082	237.987
687	506.602	239.498
688	530.871	239.966
689	489.75	242.396
690	551.065	242.547
691	495.831	242.586
692	482.31	243.418
693	519.888	244.016
694	524.336	245.015
695	485.006	245.823
696	489.089	246.34
697	502.585	246.657
698	507.542	247.408
699	528.185	247.661
700	538.825	248.077
701	508.916	248.813
702	512.989	248.855
703	523.074	250.801
704	534.594	252.169
705	540.102	252.257
706	519.289	252.735
707	522.247	253.701
708	520.838	254.256
709	541.399	254.555
710	524.593	254.965
711	517.344	255.757
712	94.842	135.204
713	109.321	138.094
714	71.813	138.206
715	320.843	138.228
716	61.427	138.457
717	142.07	138.726
718	50.861	138.893
719	140.837	139.146
720	194.828	139.209
721	203.609	139.329
722	49.89	139.351
723	168.274	139.703
724	200.698	139.846
725	90.066	139.88
726	188.524	139.94
727	125.125	139.991
728	37.458	140.053
729	249.584	140.167
730	258.339	140.262
731	53.696	140.333
732	306.48	140.395
733	47.454	140.403
734	230.524	140.512
735	201.416	140.704
736	304.199	140.746
737	246.043	140.806
738	219.616	140.885
739	225.11	140.915
740	95.795	141.152
741	67.96	141.335
742	296.662	141.432
743	270.289	141.447
744	326.361	141.649
745	62.999	141.875
746	172.605	141.876
747	315.501	142.003
748	316.762	142.555
749	216.062	142.694
750	328.929	142.844
751	32.099	143.035
752	227.643	143.225
753	126.689	144.081
754	238.139	144.096
755	70.308	144.133
756	246.255	144.218
757	107.021	144.256
758	312.559	144.434
759	75.993	144.485
760	189.235	144.589
761	219.131	144.7
762	97.647	144.72
763	146.461	144.838
764	190.41	144.839
765	57.351	144.958
766	268.271	144.971
767	133.514	145.516
768	307.888	145.591
769	115.795	145.864
770	174.845	146.047
771	159.347	146.43
772	301.09	146.564
773	58.445	146.64
774	331.061	146.707
775	239.572	146.801
776	109.938	146.879
777	289.436	146.915
778	304.081	146.92
779	257.549	146.929
780	27.887	146.941
781	157.097	147.095
782	262.925	147.195
783	217.515	147.199
784	292.568	147.238
785	259.314	147.327
786	63.973	147.393
787	193.748	147.43
788	294.172	147.603
789	148.916	147.787
790	40.381	148.068
791	60.351	148.181
792	228.218	148.267
793	207.832	148.335
794	298.229	148.537
795	245.657	148.563
796	181.293	148.633
797	196.535	148.652
798	256.303	148.66
799	56.551	148.808
800	225.579	148.841
801	281.54	148.927
802	110.273	148.951
803	121.658	148.967
804	236.113	149.196
805	161.89	149.204
806	261.679	149.472
807	223.041	149.482
808	176.219	149.932
809	22.172	150.049
810	156.89	150.131
811	253.999	150.452
812	39.912	150.513
813	59.9	150.54
814	180.844	150.826
815	277.317	150.914
816	232.394	151.075
817	205.088	151.435
818	90.808	151.571
819	154.971	151.627
820	192.115	151.814
821	99.609	151.894
822	113.923	152.089
823	24.271	152.193
824	330.341	152.564
825	143.626	152.655
826	247.596	152.793
827	93.42	153.068
828	72.448	153.101
829	145.683	153.144
830	152.194	153.153
831	280.463	153.158
832	66.712	153.17
833	76.828	153.21
834	273.534	153.242
835	126.953	153.559
836	252.93	154.284
837	117.094	154.336
838	210.203	154.483
839	191.668	154.569
840	251.432	154.587
841	202.124	154.646
842	19.034	154.732
843	162.761	154.815
844	286.909	154.986
845	89.297	155.491
846	127.743	155.523
847	83.227	155.623
848	120.241	155.652
849	79.75	156.732
850	174.166	156.988
851	211.441	157.206
852	164.988	157.222
853	184.554	157.526
854	95.504	157.555
855	165.92	157.885
856	243.305	157.964
857	274.408	158.305
858	144.545	158.753
859	84.786	158.792
860	73.251	159.11
861	276.99	159.135
862	149.609	159.203
863	171.963	159.266
864	330.64	159.323
865	240.497	159.38
866	251.23	159.384
867	178.892	159.417
868	177.496	159.542
869	266.97	159.699
870	101.082	159.803
871	209.678	159.871
872	185.582	159.981
873	169.867	160.045
874	220.62	160.152
875	277.894	160.226
876	23.197	160.374
877	86.835	161.038
878	175.183	161.289
879	328.328	161.379
880	288.797	161.383
881	66.93	161.463
882	295.836	161.686
883	65.527	161.731
884	275.188	161.732
885	74.236	161.736
886	215.083	161.737
887	147.042	161.861
888	310.583	161.993
889	87.458	162.044
890	294.989	162.163
891	31.56	162.172
892	299.158	162.312
893	160.061	162.919
894	83.795	163.025
895	19.915	163.184
896	279.12	163.332
897	20.411	163.543
898	269.677	163.544
899	30.176	163.656
900	248.384	163.702
901	224.269	164.092
902	112.369	164.192
903	103.293	164.521
904	105.712	164.575
905	55.529	164.776
906	300.213	164.849
907	183.048	165.25
908	36.666	165.398
909	41.62	165.417
910	168.941	165.506
911	313.889	165.633
912	314.564	165.723
913	278.524	165.991
914	39.332	166.041
915	100.396	166.044
916	77.896	166.356
917	102.608	166.439
918	305.676	166.653
919	272.427	166.829
920	319.508	166.976
921	130.608	166.997
922	161.047	167.032
923	213.04	167.189
924	123.855	167.463
925	284.233	167.729
926	85.372	167.791
927	166.915	167.804
928	119.7	167.848
929	235.718	168.427
930	133.021	168.507
931	24.745	168.548
932	254.791	168.611
933	181.949	168.674
934	194.43	168.704
935	101.668	168.905
936	104.872	169.065
937	173.335	169.134
938	68.68	169.236
939	118.06	169.279
940	77.167	169.545
941	26.532	169.671
942	251.972	170.086
943	32.81	170.112
944	234.843	170.407
945	96.634	170.521
946	324.884	170.819
947	66.539	170.91
948	273.787	171.163
949	82.642	171.22
950	265.086	171.24
951	230.897	171.483
952	106.233	171.58
953	139.788	171.6
954	217.068	171.64
955	114.928	171.689
956	108.138	171.709
957	112.928	171.78
958	199.887	171.887
959	182.587	172.145
960	69.475	172.23
961	309.285	172.272
962	307.254	172.284
963	46.272	172.561
964	195.63	172.617
965	233.965	172.782
966	153.13	172.988
967	282.677	173.005
968	18.067	173.055
969	283.147	173.368
970	178.034	173.382
971	58.823	173.444
972	302.004	173.47
973	131.722	173.659
974	38.006	173.67
975	189.678	173.883
976	80.212	173.904
977	286.007	174.036
978	186.873	174.213
979	327.86	174.334
980	293.698	174.443
981	207.339	174.492
982	323.582	174.63
983	103.201	174.763
984	24.943	175.09
985	38.696	175.224
986	176.647	175.237
987	183.559	175.462
988	104.347	175.611
989	132.259	175.665
990	67.553	175.725
991	185.129	175.734
992	190.988	175.787
993	158.27	175.847
994	250.355	175.979
995	73.792	175.984
996	112.797	176.117
997	137.028	176.21
998	244.466	176.288
999	163.388	176.343
1000	35.236	176.364
1001	308.914	176.455
1002	142.814	176.485
1003	148.332	176.609
1004	329.534	176.617
1005	88.706	176.685
1006	260.121	176.7
1007	118.736	176.804
1008	175.481	176.817
1009	256.751	176.849
1010	42.662	176.909
1011	28.355	177.212
1012	65.886	177.319
1013	55.027	177.406
1014	150.243	177.473
1015	210.645	177.815
1016	167.605	177.919
1017	108.602	178.091
1018	322.717	178.234
1019	177.36	178.535
1020	331.754	178.868
1021	72.114	179.025
1022	27.104	179.199
1023	237.357	179.362
1024	173.638	179.555
1025	137.962	179.734
1026	64.779	180.357
1027	206.37	180.453
1028	303.585	180.629
1029	212.71	180.665
1030	316.479	180.696
1031	247.264	180.768
1032	45.317	181.056
1033	322.878	181.177
1034	240.801	181.178
1035	21.409	181.389
1036	44.414	181.393
1037	198.941	181.503
1038	326.889	181.568
1039	52.622	181.916
1040	30.773	182.051
1041	318.323	182.643
1042	94.303	182.798
1043	29.242	182.931
1044	321.85	182.94
1045	195.157	182.953
1046	33.045	182.992
1047	135.319	182.999
1048	153.696	183.013
1049	205.884	183.193
1050	44.019	183.254
1051	33.585	183.373
1052	283.707	183.686
1053	36.257	183.698
1054	271.821	185.621
1055	234.864	244.592
1056	287.437	244.7
1057	216.497	244.797
1058	260.292	244.799
1059	205.094	245.336
1060	274.302	245.444
1061	296.97	246.026
1062	242.848	246.187
1063	217.482	246.361
1064	214.916	246.544
1065	266.91	247.372
1066	299.132	247.988
1067	282.77	248.761
1068	191.475	248.979
1069	250.737	248.985
1070	291.683	249.094
1071	221.889	249.484
1072	221.515	249.913
1073	168.784	250.097
1074	358.137	250.268
1075	248.197	250.671
1076	215.53	250.902
1077	376.398	251.574
1078	256.128	251.643
1079	145.695	252.222
1080	167.272	252.347
1081	377.884	252.614
1082	336.336	252.815
1083	235.478	252.983
1084	276.248	253.026
1085	321.801	253.264
1086	164.143	253.348
1087	276.824	253.898
1088	183.845	254.069
1089	142.206	254.367
1090	151.415	254.811
1091	164.9	255.039
1092	322.522	255.481
1093	172.022	255.744
1094	329.826	256.269
1095	216.782	256.393
1096	233.173	256.487
1097	341.166	256.49
1098	199.059	256.774
1099	176.248	256.856
1100	246.211	257.004
1101	304.116	257.178
1102	261.033	257.946
1103	168.283	257.95
1104	241.386	257.955
1105	238.388	258.167
1106	166.854	258.216
1107	261.802	258.219
1108	328.027	258.385
1109	267.79	258.546
1110	210.807	258.753
1111	335.855	258.797
1112	240.766	258.826
1113	268.65	258.927
1114	132.612	258.952
1115	133.285	258.973
1116	195.841	259.09
1117	120.182	259.236
1118	195.446	259.275
1119	195.223	259.303
1120	286.976	259.335
1121	370.524	259.581
1122	247.657	259.677
1123	340.544	259.696
1124	223.795	259.78
1125	259.062	259.847
1126	358.721	259.912
1127	295.301	259.998
1128	181.985	260.158
1129	309.232	260.38
1130	280.259	260.382
1131	143.269	260.419
1132	367.715	261.151
1133	257.052	261.209
1134	359.908	261.221
1135	333.562	261.296
1136	306.803	261.514
1137	361.204	261.708
1138	354.164	261.749
1139	124.82	261.864
1140	347.83	261.914
1141	368.397	262.058
1142	288.914	262.231
1143	276.933	262.471
1144	235.676	262.61
1145	153.31	262.628
1146	151.888	262.644
1147	262.705	262.756
1148	253.724	263.118
1149	369.972	263.249
1150	138.854	263.312
1151	202.992	263.397
1152	255.164	263.433
1153	179.044	263.445
1154	226.697	263.483
1155	269.569	264.229
1156	176.638	264.276
1157	188.112	264.32
1158	119.521	264.342
1159	131.309	264.388
1160	108.035	264.541
1161	348.729	264.691
1162	206.131	264.749
1163	267.293	264.964
1164	241.117	265.01
1165	310.351	265.14
1166	250.162	265.481
1167	362.335	265.582
1168	358.437	265.584
1169	285.917	265.773
1170	155.432	265.779
1171	141.203	265.822
1172	217.099	265.994
1173	261.649	266.026
1174	181.108	266.237
1175	105.735	266.323
1176	112.038	266.481
1177	397.022	266.483
1178	321.053	266.501
1179	153.756	266.591
1180	175.147	267.035
1181	236.075	267.568
1182	365.962	267.834
1183	350.352	267.841
1184	314.474	267.889
1185	386.85	268.208
1186	161.21	268.239
1187	401.392	268.271
1188	346.266	268.386
1189	348.104	268.693
1190	271.358	269.107
1191	294.125	269.208
1192	184.243	269.275
1193	234.124	269.3
1194	347.027	269.484
1195	162.837	269.797
1196	220.961	269.839
1197	364.302	270.024
1198	331.139	270.079
1199	116.118	270.099
1200	116.917	270.293
1201	229.713	270.555
1202	229.983	270.753
1203	238.567	270.766
1204	274.811	270.851
1205	185.068	270.968
1206	284.224	270.97
1207	354.042	271.24
1208	205.727	271.55
1209	323.592	271.776
1210	345.636	271.783
1211	184.201	271.984
1212	328.682	272.08
1213	316.09	272.295
1214	189.263	272.365
1215	385.32	272.6
1216	347.378	272.672
1217	107.208	272.741
1218	159.461	272.871
1219	365.041	272.918
1220	231.64	272.95
1221	299.952	273.015
1222	412.013	273.039
1223	332.842	273.049
1224	111.92	273.059
1225	146.538	273.415
1226	307.841	273.426
1227	372.834	273.842
1228	193.835	273.965
1229	392.026	274.041
1230	222.816	274.215
1231	144.324	274.262
1232	242.165	274.344
1233	302.042	274.351
1234	362.578	274.592
1235	231.177	274.619
1236	278.387	274.685
1237	233.675	274.728
1238	103.443	275.113
1239	184.803	275.142
1240	393.87	275.359
1241	400.79	275.553
1242	221.329	275.558
1243	298.289	275.669
1244	374.334	275.758
1245	144.611	275.853
1246	332.076	275.981
1247	268.136	276.218
1248	326.374	276.345
1249	292.513	276.386
1250	297.682	277.079
1251	113.75	277.192
1252	147.492	277.268
1253	331.537	277.279
1254	377.427	277.387
1255	235.603	277.481
1256	243.231	277.59
1257	239.251	277.642
1258	294.783	277.717
1259	302.474	277.981
1260	282.085	277.982
1261	196.392	278.01
1262	177.292	278.063
1263	345.278	278.078
1264	109.286	278.229
1265	356.119	278.468
1266	357.73	278.505
1267	423.625	278.606
1268	136.73	278.689
1269	78.93	278.739
1270	432.592	278.896
1271	259.719	278.912
1272	286.788	278.92
1273	322.884	278.954
1274	211.168	279.157
1275	179.18	279.618
1276	268.326	279.856
1277	171.561	280.03
1278	138.141	280.041
1279	208.478	280.366
1280	186.663	280.399
1281	164.522	280.68
1282	59.41	280.906
1283	348.208	281.281
1284	273.862	281.305
1285	239.767	281.313
1286	223.403	281.412
1287	143.917	281.565
1288	191.103	281.635
1289	295.399	281.74
1290	425.464	281.741
1291	137.137	281.848
1292	188.508	282.094
1293	154.368	282.101
1294	366.112	282.204
1295	241.73	282.281
1296	207.249	282.409
1297	342.771	282.611
1298	108.523	282.87
1299	134.019	282.918
1300	73.189	283.025
1301	313.93	283.078
1302	94.959	283.585
1303	194.718	283.682
1304	193.331	283.738
1305	194.154	283.746
1306	66.523	283.799
1307	179.837	284.052
1308	87.172	284.134
1309	402.773	284.218
1310	95.734	284.532
1311	329.706	284.713
1312	421.923	284.761
1313	66.209	284.821
1314	147.831	285.022
1315	352.346	285.392
1316	418.201	285.682
1317	410.708	285.972
1318	407.996	286.008
1319	97.786	286.274
1320	105.21	286.344
1321	142.503	286.624
1322	394.864	286.816
1323	397.475	286.913
1324	406.111	287.297
1325	369.137	287.411
1326	128.558	287.806
1327	396.145	287.85
1328	319.44	287.986
1329	159.764	288.052
1330	345.851	288.391
1331	125.152	288.588
1332	61.673	288.598
1333	78.621	288.802
1334	130.534	288.951
1335	133.453	289.02
1336	52.622	289.037
1337	386.608	289.194
1338	378.179	289.508
1339	432.953	289.514
1340	111.583	289.604
1341	122.856	289.844
1342	96.347	289.895
1343	401.966	290.358
1344	148.248	290.486
1345	399.667	290.504
1346	355.627	290.567
1347	373.491	290.722
1348	156.122	290.744
1349	404.151	290.877
1350	43.668	291.399
1351	352.804	291.482
1352	62.382	291.554
1353	364.163	291.906
1354	102.177	292.04
1355	106.176	292.456
1356	423.479	292.576
1357	434.548	292.794
1358	109.868	292.862
1359	414.844	292.891
1360	411.84	293.004
1361	413.243	293.071
1362	57.86	293.158
1363	100.433	293.333
1364	60.88	293.369
1365	72.174	293.497
1366	431.476	293.868
1367	390.64	293.958
1368	375.155	294.645
1369	453.706	295.165
1370	92.286	295.358
1371	453.35	295.523
1372	409.412	296.241
1373	119.815	296.545
1374	109.014	297.536
1375	388.662	297.954
1376	443.069	298.013
1377	389.945	298.199
1378	58.091	298.559
1379	34.687	298.645
1380	50.432	299.391
1381	376.1	299.845
1382	43.395	300.136
1383	81.753	300.599
1384	408.577	300.765
1385	394.307	300.814
1386	397.963	301.312
1387	84.687	301.617
1388	22.648	301.845
1389	389.74	301.868
1390	30.152	302.263
1391	71.044	302.361
1392	95.351	302.391
1393	89.502	302.506
1394	69.746	302.796
1395	411.323	303.126
1396	407.588	303.313
1397	36.368	303.323
1398	461.43	303.426
1399	439.555	303.691
1400	414.359	303.901
1401	47.073	304.217
1402	63.546	304.552
1403	44.926	305.39
1404	51.622	306.263
1405	433.531	306.699
1406	57.161	306.967
1407	430.586	307.041
1408	403.957	307.223
1409	58.693	307.798
1410	86.84	307.898
1411	403.135	307.952
1412	54.973	308.618
1413	52.016	308.647
1414	62.335	308.819
1415	401.52	309.01
1416	38.483	309.053
1417	420.457	309.085
1418	456.877	309.287
1419	456.952	309.309
1420	51.381	309.339
1421	457.56	309.871
1422	436.883	310.057
1423	21.981	310.181
1424	21.398	310.923
1425	35.471	311.366
1426	432.437	311.366
1427	21.128	311.598
1428	423.895	311.641
1429	438.943	311.816
1430	64.802	311.944
1431	442.157	311.945
1432	452.978	312.366
1433	79.41	312.385
1434	447.133	312.509
1435	19.871	312.744
1436	441.051	313.418
1437	50.113	313.644
1438	459.358	313.731
1439	58.391	314.439
1440	416.987	314.997
1441	444.98	315.303
1442	427.267	315.886
1443	25.722	315.903
1444	36.154	316.095
1445	28.931	316.146
1446	449.315	316.324
1447	18.401	316.506
1448	419.095	316.961
1449	39.297	317.421
1450	466.399	317.743
1451	421.674	319.72
1452	435.218	321.225
1453	54.469	321.346
1454	476.266	321.411
1455	421.076	321.448
1456	54.068	321.808
1457	37.482	321.958
1458	61.027	322.163
1459	47.348	322.24
1460	435.536	322.356
1461	52.415	322.429
1462	424.367	323.119
1463	28.518	323.886
1464	40.202	324.015
1465	430.045	324.215
1466	47.988	324.866
1467	34.948	325.1
1468	33.205	325.15
1469	458.212	325.358
1470	25.605	325.391
1471	456.158	326.245
1472	467.677	326.964
1473	47.826	327.783
1474	438.462	328.804
1475	429.271	329.775
1476	478.2	329.863
1477	37.153	330.001
1478	23.087	331.747
1479	462.812	333.131
1480	450.655	334.172
1481	7.798	335.318
1482	19.35	335.468
1483	464.485	335.525
1484	12.362	336.383
1485	435.936	336.962
1486	474.028	337.023
1487	26.63	338.016
1488	43.022	338.1
1489	481.873	338.631
1490	8.743	338.975
1491	41.099	339.342
1492	475.227	339.598
1493	18.12.2021	339.686
1494	16.05.2021	340.187
1495	440.528	341.442
1496	45.626	342.268
1497	464.897	343.644
1498	465.009	343.714
1499	24.172	343.841
1500	13.156	344.062
1501	16.346	344.69
1502	461.818	344.828
1503	441.551	345.23
1504	49.718	345.273
1505	10.583	345.6
1506	434.374	345.867
1507	41.708	347.081
1508	435.825	347.081
1509	433.06	348.892
1510	473.169	349.682
1511	29.856	350.191
1512	35.786	350.472
1513	450.58	350.598
1514	431.13	350.641
1515	32.469	350.818
1516	447.728	352.005
1517	46.813	352.385
1518	446.941	352.849
1519	452.782	353.004
1520	446.78	353.006
1521	467.267	353.183
1522	479.124	353.347
1523	55.947	353.436
1524	14.524	353.603
1525	40.931	354.262
1526	24.811	355.822
1527	429.494	355.828
1528	443.649	356.951
1529	36.016	357.015
1530	444.773	357.025
1531	476.866	358.237
1532	18.972	358.39
1533	447.278	359.067
1534	440.322	359.597
1535	445.592	359.608
1536	27.594	360.195
1537	427.076	360.605
1538	460.865	360.605
1539	62.738	361.133
1540	448.514	361.48
1541	472.407	362.644
1542	30.845	362.74
1543	442.663	363.271
1544	11.956	364.116
1545	474.53	364.429
1546	471.83	366.58
1547	425.996	367.085
1548	450.208	367.423
1549	463.023	367.791
1550	422.702	368.899
1551	39.715	368.951
1552	459.782	369.416
1553	63.116	369.837
1554	465.469	369.922
1555	468.761	370.088
1556	75.864	370.152
1557	424.841	370.183
1558	56.519	370.269
1559	17.142	370.489
1560	449.539	370.556
1561	53.734	371.545
1562	455.02	371.707
1563	451.784	372.544
1564	463.597	372.888
1565	470.532	373.245
1566	53.113	373.63
1567	75.981	373.892
1568	26.442	375.309
1569	446.385	375.791
1570	420.762	375.909
1571	405.21	376.181
1572	444.529	376.501
1573	49.221	376.644
1574	458.636	376.864
1575	446.2	376.875
1576	72.552	377.098
1577	27.995	377.312
1578	37.978	377.388
1579	68.11	377.472
1580	444.084	377.758
1581	431.754	378.545
1582	437.278	378.593
1583	45.921	378.705
1584	438.268	378.901
1585	433.499	379.803
1586	457.91	379.863
1587	85.698	380.122
1588	70.221	380.266
1589	91.282	381.058
1590	81.266	381.555
1591	392.807	381.579
1592	399.774	381.619
1593	396.336	382.252
1594	55.135	382.346
1595	59.946	382.474
1596	398.408	383.121
1597	48.354	383.203
1598	98.302	383.25
1599	98.906	383.296
1600	94.322	383.477
1601	449.901	383.51
1602	426.936	383.646
1603	32.217	383.8
1604	71.897	384.142
1605	35.171	384.492
1606	437.593	384.646
1607	418.134	384.903
1608	439.894	385.014
1609	66.915	385.652
1610	435.048	385.943
1611	452.215	385.959
1612	395.719	386.118
1613	74.33	386.576
1614	65.754	386.654
1615	74.614	386.659
1616	381.522	386.891
1617	386.21	386.943
1618	382.863	386.952
1619	29.363	386.997
1620	33.847	387.077
1621	103.896	387.175
1622	77.671	387.262
1623	427.456	388.137
1624	92.832	388.358
1625	101.558	388.536
1626	380.181	389.217
1627	52.869	389.467
1628	436.547	389.647
1629	395.41	390.354
1630	436.104	390.371
1631	368.282	390.461
1632	67.756	390.925
1633	435.992	391.306
1634	433.946	391.346
1635	437.983	392.456
1636	67.603	392.698
1637	43.805	392.703
1638	387.72	392.743
1639	75.721	392.82
1640	91.755	392.94
1641	84.958	392.993
1642	350.834	393.015
1643	412.508	393.212
1644	448.146	393.502
1645	94.032	393.635
1646	421.458	393.757
1647	399.452	393.855
1648	85.894	394.246
1649	76.829	394.409
1650	420.05	394.812
1651	31.469	394.823
1652	48.814	394.997
1653	88.208	395.247
1654	377.197	395.342
1655	99.782	395.363
1656	114.505	395.536
1657	131.893	395.601
1658	424.151	396.003
1659	428.045	396.207
1660	64.925	396.343
1661	382.259	396.419
1662	400.564	396.719
1663	338.582	397.027
1664	420.547	397.059
1665	113.269	397.283
1666	111.269	397.428
1667	361.969	397.622
1668	380.704	397.84
1669	118.64	397.862
1670	65.474	397.864
1671	149.382	398.016
1672	357.426	398.042
1673	83.199	398.172
1674	351.375	398.205
1675	383.83	398.269
1676	409.073	398.274
1677	116.504	398.588
1678	410.204	399.163
1679	110.656	399.239
1680	319.2	399.345
1681	375.708	399.624
1682	115.02	399.69
1683	79.99	399.942
1684	60.61	399.962
1685	117.998	400.035
1686	165.375	400.069
1687	64.08	400.093
1688	111.713	400.172
1689	406.533	400.324
1690	156.759	400.334
1691	64.368	400.932
1692	389.044	400.936
1693	324.707	401.197
1694	53.383	401.396
1695	384.84	401.565
1696	172.728	401.743
1697	157.021	401.853
1698	343.209	401.875
1699	388.29	402.187
1700	135.45	402.325
1701	407.202	402.33
1702	78.412	402.465
1703	296.567	402.621
1704	117.548	402.827
1705	276.546	403.014
1706	119.355	403.016
1707	427.567	403.036
1708	237.441	403.141
1709	171.03	403.242
1710	94.776	403.431
1711	400.29	403.583
1712	364.009	403.632
1713	216.281	403.738
1714	69.344	403.834
1715	394.043	403.837
1716	228.186	404.266
1717	127.521	404.302
1718	291.202	404.565
1719	390.223	404.643
1720	183.113	404.72
1721	263.353	404.726
1722	300.303	404.822
1723	123.494	404.996
1724	335.635	405.027
1725	343.935	405.111
1726	92.976	405.224
1727	305.999	405.251
1728	390.917	405.78
1729	302.855	405.923
1730	87.612	405.967
1731	303.317	405.982
1732	167.863	406.165
1733	120.956	406.173
1734	305.291	406.215
1735	270.593	406.391
1736	169.89	406.627
1737	126.54	406.846
1738	153.452	406.889
1739	195.68	407.109
1740	89.24	407.149
1741	305.034	407.174
1742	63.834	407.371
1743	301.158	407.389
1744	304.714	407.514
1745	405.399	407.597
1746	208.884	407.714
1747	232.737	408.015
1748	275.488	408.147
1749	287.802	408.291
1750	318.68	408.54
1751	228.677	408.656
1752	135.582	408.736
1753	191.883	408.816
1754	255.725	408.868
1755	73.7	408.875
1756	82.104	408.895
1757	130.995	408.988
1758	209.892	409.092
1759	227.285	409.217
1760	70.635	409.332
1761	266.255	409.427
1762	135.223	409.595
1763	160.665	409.705
1764	320.522	409.815
1765	90.167	410.206
1766	213.1	410.277
1767	138.504	410.321
1768	281.102	410.354
1769	284.847	410.361
1770	226.241	410.568
1771	107.758	410.612
1772	178.291	410.675
1773	209.163	410.84
1774	158.839	410.947
1775	351.67	410.951
1776	363.075	411.015
1777	415.817	411.583
1778	229.033	411.662
1779	336.566	411.77
1780	285.446	411.998
1781	260.778	412.067
1782	327.692	412.193
1783	341.677	412.277
1784	257.165	412.331
1785	102.502	412.379
1786	380.025	412.558
1787	279.12	412.833
1788	152.226	412.855
1789	403.768	412.856
1790	257.718	412.965
1791	367.371	413.262
1792	283.121	413.349
1793	169.409	413.67
1794	190.529	413.784
1795	190.273	413.899
1796	271.932	414.035
1797	95.789	414.043
1798	197.375	414.109
1799	109.047	414.293
1800	381.669	414.33
1801	315.492	414.358
1802	197.753	414.381
1803	221.842	414.473
1804	253.467	414.664
1805	139.782	415.115
1806	129.748	415.173
1807	383.414	415.2
1808	197.434	415.202
1809	269.046	415.209
1810	124.115	415.262
1811	80.432	415.289
1812	190.811	415.4
1813	220.093	415.472
1814	237.711	415.537
1815	264.897	415.572
1816	407.023	415.673
1817	295.996	415.991
1818	97.247	416.01
1819	315.275	416.778
1820	151.172	417.074
1821	118.479	417.095
1822	188.836	417.103
1823	281.86	417.163
1824	199.862	417.181
1825	295.567	417.203
1826	207.787	417.346
1827	188.622	417.373
1828	353.395	417.424
1829	258.27	417.529
1830	106.041	417.726
1831	308.96	417.742
1832	211.704	417.878
1833	173.589	417.888
1834	104.555	418.093
1835	335.207	418.16
1836	112.874	418.188
1837	354.632	418.37
1838	125.739	418.416
1839	234.507	418.468
1840	310.619	418.775
1841	387.325	418.898
1842	325.105	419.289
1843	382.581	419.315
1844	271.513	419.377
1845	212.78	419.444
1846	377.046	419.455
1847	140.49	419.932
1848	218.959	420.131
1849	317.028	420.228
1850	254.704	420.249
1851	309.1	420.443
1852	173.306	420.526
1853	92.599	420.669
1854	337.386	421.004
1855	134.898	421.141
1856	314.054	421.248
1857	154.881	421.634
1858	349.701	421.652
1859	201.895	421.718
1860	166.255	421.931
1861	378.984	422.004
1862	371.817	422.008
1863	99.406	422.288
1864	196.673	422.573
1865	330.035	422.856
1866	316.572	423.484
1867	118.361	423.503
1868	175.443	423.556
1869	283.699	423.558
1870	279.992	423.596
1871	212.343	423.602
1872	185.609	423.917
1873	366.829	424.024
1874	129.466	424.13
1875	218.038	424.521
1876	363.769	424.607
1877	338.379	424.652
1878	176.376	424.839
1879	271.134	424.855
1880	120.665	425.106
1881	311.792	425.296
1882	97.952	425.347
1883	297.329	425.654
1884	313	425.869
1885	340.875	426.126
1886	245.642	426.362
1887	319.669	426.467
1888	126.147	426.478
1889	293.242	426.633
1890	375.438	426.635
1891	175.931	426.949
1892	170.395	427.14
1893	281.535	427.357
1894	207.034	427.407
1895	137.681	427.607
1896	152.751	427.649
1897	150.81	427.675
1898	114.123	427.772
1899	200.928	427.941
1900	200.511	427.955
1901	287.307	428.207
1902	210.663	428.231
1903	128.275	428.488
1904	175.522	428.597
1905	186.077	429.118
1906	179.995	429.387
1907	321.488	429.445
1908	163.642	429.528
1909	205.247	429.563
1910	171.426	429.853
1911	177.699	430.005
1912	198.463	430.006
1913	158.042	430.115
1914	312.424	430.181
1915	251.255	430.57
1916	344.933	431.301
1917	277.793	431.339
1918	317.931	431.572
1919	134.386	431.874
1920	262.219	432.229
1921	173.95	432.248
1922	337.756	432.272
1923	157.268	432.455
1924	325.985	432.681
1925	309.701	432.849
1926	149.632	433.107
1927	219.665	434.107
1928	150.417	434.508
1929	264.571	434.546
1930	160.359	434.736
1931	272.937	434.785
1932	270.371	434.949
1933	322.39	435.133
1934	289.899	435.177
1935	225.679	435.41
1936	303.837	435.479
1937	206.045	436.023
1938	188.361	436.104
1939	169.052	436.336
1940	325.641	436.469
1941	265.566	436.524
1942	230.877	436.569
1943	264.409	436.615
1944	171.919	436.719
1945	293.566	436.723
1946	193.055	436.953
1947	213.511	437.019
1948	192.08	437.213
1949	183.244	437.523
1950	228.015	438.665
1951	288.79	438.928
1952	258.736	439.333
1953	297.477	439.6
1954	203.887	440.687
1955	298.536	440.791
1956	243.962	440.814
1957	238.526	441.593
1958	251.937	442.055
1959	200.09	442.546
1960	272.275	445.758
1961	216.038	64.569
1962	259.969	68.072
1963	226.852	68.191
1964	126.801	68.228
1965	190.483	68.481
1966	47.035	68.538
1967	309.29	68.687
1968	231.062	68.763
1969	133.637	68.782
1970	121.143	68.878
1971	54.094	68.93
1972	113.246	69.092
1973	217.701	69.131
1974	264.302	69.184
1975	116.821	69.283
1976	251.889	69.384
1977	284.77	69.565
1978	32.783	69.609
1979	90.353	69.805
1980	115.059	70.588
1981	293.519	70.663
1982	242.242	70.84
1983	81.168	70.878
1984	21.727	71.013
1985	275.25	71.139
1986	233.191	71.16
1987	152.262	71.197
1988	253.069	71.225
1989	327.389	71.249
1990	121.669	71.339
1991	145.722	71.481
1992	278.585	71.559
1993	320.408	71.723
1994	188.685	71.897
1995	48.953	71.91
1996	201.272	72.19
1997	132.484	72.435
1998	298.292	72.518
1999	281.398	72.732
2000	58.985	72.888
2001	311.518	72.891
2002	162.008	73.114
2003	130.284	73.427
2004	146.881	73.517
2005	170.891	73.995
2006	206.398	74.276
2007	40.033	74.325
2008	269.955	74.645
2009	174.767	74.719
2010	214.988	74.723
2011	324.542	75.255
2012	150.483	75.369
2013	129.035	75.443
2014	155.305	75.505
2015	211.502	75.519
2016	50.613	75.772
2017	102.179	75.819
2018	73.408	75.876
2019	29.382	76.012
2020	65.628	76.131
2021	24.719	76.158
2022	151.859	76.227
2023	64.69	76.368
2024	305.816	76.428
2025	195.407	76.619
2026	17.618	76.707
2027	54.673	76.753
2028	60.474	76.761
2029	318.516	76.837
2030	321.917	76.855
2031	35.155	77.012
2032	247.068	77.082
2033	253.91	77.438
2034	331.232	77.468
2035	142.261	77.667
2036	184.225	77.736
2037	55.245	77.925
2038	22.438	77.946
2039	220.875	78.13
2040	300.542	78.151
2041	199.753	78.471
2042	113.973	78.928
2043	50.868	78.939
2044	276.967	78.989
2045	90.211	79.071
2046	187.05	79.109
2047	68.587	79.172
2048	89.968	79.221
2049	255.24	79.41
2050	109.145	79.592
2051	164.547	79.603
2052	317.82	80.373
2053	23.927	80.504
2054	183.279	80.504
2055	289.186	80.511
2056	28.05.2021	80.915
2057	250.365	81.036
2058	178.396	81.042
2059	28.819	81.143
2060	323.43	81.213
2061	77.37	81.326
2062	283.176	81.482
2063	247.943	81.576
2064	38.135	81.592
2065	105.994	81.689
2066	79.447	81.78
2067	100.859	81.948
2068	173.988	82.143
2069	89.099	82.281
2070	214.795	82.535
2071	284.032	83.041
2072	219.699	83.054
2073	248.964	83.423
2074	107.399	83.517
2075	140.64	83.611
2076	329.821	83.693
2077	130.003	83.758
2078	172.473	83.817
2079	254.236	84.097
2080	313.376	84.138
2081	203.77	84.203
2082	125.307	84.468
2083	45.832	84.49
2084	75.458	84.596
2085	112.016	84.655
2086	41.348	84.674
2087	51.149	85.005
2088	315.754	85.203
2089	267.122	85.436
2090	297.382	85.729
2091	231.815	86.061
2092	307.544	86.256
2093	176.354	86.404
2094	284.96	86.528
2095	67.625	86.571
2096	139.114	86.722
2097	234.676	86.8
2098	100.566	87.184
2099	290.86	87.39
2100	65.152	87.445
2101	140.329	87.487
2102	91.613	87.869
2103	125.958	88.053
2104	301.209	88.087
2105	96.868	88.464
2106	170.37	88.633
2107	158.962	88.723
2108	137.036	88.84
2109	71.383	88.961
2110	228.559	89.153
2111	26.029	89.203
2112	214.032	89.258
2113	285.57	89.352
2114	59.543	89.465
2115	138.531	89.481
2116	205.344	89.501
2117	92.804	89.609
2118	160.633	90.148
2119	70.26	90.168
2120	21.191	90.175
2121	216.693	90.176
2122	209.759	90.274
2123	302.575	90.312
2124	143.856	90.406
2125	67.907	90.611
2126	276.088	90.629
2127	88.006	90.715
2128	299.906	91.006
2129	171.044	91.052
2130	331.807	91.092
2131	119.989	91.217
2132	176.423	91.278
2133	149.279	91.325
2134	167.107	91.329
2135	143.313	91.353
2136	174.943	91.396
2137	185.274	91.51
2138	213.281	91.533
2139	84.65	91.606
2140	81.736	91.847
2141	271.966	92.033
2142	108.697	92.295
2143	319.142	92.307
2144	282.125	92.573
2145	289.827	92.748
2146	224.473	92.762
2147	123.146	92.857
2148	182.346	93.09
2149	180.999	93.371
2150	319.819	93.381
2151	314.32	93.69
2152	245.298	93.733
2153	325.169	93.746
2154	147.988	93.752
2155	305.636	93.766
2156	326.576	93.977
2157	142.553	94.007
2158	279.95	94.095
2159	34.828	94.239
2160	229.302	94.68
2161	269.226	94.857
2162	280.481	94.905
2163	304.076	95.292
2164	310.945	95.436
2165	270.629	95.601
2166	99.083	95.623
2167	172.993	95.744
2168	192.915	95.776
2169	128.415	95.79
2170	295.165	96.015
2171	32.332	96.076
2172	287.144	96.099
2173	45.044	96.237
2174	262.497	96.386
2175	236.939	96.547
2176	18.619	96.615
2177	30.025	97.059
2178	292.227	97.319
2179	151.36	97.467
2180	218.971	97.701
2181	83.275	97.813
2182	204.796	97.934
2183	67.156	98.011
2184	218.354	98.038
2185	238.965	98.246
2186	260.378	98.251
2187	163.495	98.358
2188	175.281	98.624
2189	80.47	99.037
2190	127.306	99.195
2191	103.745	99.497
2192	243.78	99.689
2193	268.029	99.763
2194	267.519	99.886
2195	118.059	100.328
2196	325.927	100.549
2197	73.978	100.794
2198	207.397	100.795
2199	159.43	101.157
2200	168.411	101.163
2201	237.872	101.487
2202	165.358	101.519
2203	237.318	101.524
2204	328.292	101.575
2205	240.2	101.601
2206	272.841	101.612
2207	165.878	101.694
2208	261.697	101.72
2209	61.133	101.851
2210	31.865	101.905
2211	236.33	102.284
2212	102.728	102.351
2213	71.598	102.415
2214	159.945	102.417
2215	302.044	102.431
2216	62.701	102.641
2217	98.283	102.789
2218	161.741	102.86
2219	38.412	102.886
2220	134.135	102.904
2221	259.747	102.947
2222	273.514	102.993
2223	88.192	103.002
2224	233.505	103.258
2225	187.762	103.601
2226	321.573	103.626
2227	93.934	103.76
2228	193.371	103.796
2229	135.355	104.132
2230	36.662	104.369
2231	314.72	104.4
2232	39.133	104.498
2233	301.723	105.178
2234	207.05	105.296
2235	316.657	105.436
2236	95.38	105.52
2237	122.636	105.828
2238	208.624	105.845
2239	74.73	105.853
2240	241.581	106.008
2241	92.035	106.078
2242	197.053	106.129
2243	330.499	106.441
2244	221.783	106.579
2245	235.862	106.819
2246	126.396	107.061
2247	299.646	107.462
2248	291.655	108.077
2249	162.565	108.361
2250	317.621	108.413
2251	259.006	108.686
2252	232.675	108.73
2253	107.594	109.229
2254	246.555	109.607
2255	107.186	109.662
2256	291.912	109.756
2257	14.943	109.986
2258	263.578	110.154
2259	124.427	110.471
2260	182.642	110.55
2261	69.485	110.585
2262	243.13	110.616
2263	42.772	110.768
2264	124.332	110.81
2265	226.114	110.826
2266	141.028	110.828
2267	57.366	110.88
2268	37.275	111.523
2269	110.56	111.854
2270	312.287	111.995
2271	117.429	112.038
2272	152.64	112.135
2273	33.276	112.226
2274	20.122	112.335
2275	156.552	112.412
2276	44.408	112.495
2277	196.111	112.736
2278	224.993	112.877
2279	56.858	113.207
2280	199.195	113.672
2281	279.222	113.841
2282	99.84	113.858
2283	144.907	113.889
2284	257.113	113.893
2285	216.907	114.343
2286	151.554	114.535
2287	157.445	116.146
2288	271.068	116.208
2289	638.429	69.833
2290	646.873	70.219
2291	642.615	70.236
2292	637.159	73.381
2293	646.356	76.271
2294	628.895	77.097
2295	653.458	77.615
2296	648.93	79.587
2297	628.01	79.848
2298	633.666	80.951
2299	635.234	81.065
2300	630.515	81.439
2301	633.983	81.757
2302	651.337	82.528
2303	633.844	84.471
2304	644.083	85.89
2305	628.277	87.093
2306	650.184	87.129
2307	642.5	87.839
2308	619.365	89.899
2309	641.343	90.272
2310	631.953	90.276
2311	645.859	90.376
2312	652.053	90.481
2313	635.287	92.205
2314	650.558	92.824
2315	629.853	94.01
2316	660.985	94.011
2317	616.468	94.085
2318	659.341	96.81
2319	655.865	99.736
2320	658.268	100.376
2321	643.042	102.249
2322	616.289	102.478
2323	648.069	102.873
2324	645.295	105.293
2325	629.751	106.066
2326	647.14	108.757
2327	656.369	110.216
2328	639.052	110.412
2329	637.992	112.942
2330	626.31	113.467
2331	613.896	117.119
2332	626.995	117.563
2333	649.304	117.694
2334	628.444	118.015
2335	660.578	118.683
2336	624.272	120.167
2337	647.534	121.18
2338	652.477	121.476
2339	623.795	121.7
2340	646.952	121.884
2341	615.776	123.529
2342	650.71	123.953
2343	631.923	124.434
2344	658.523	125.339
2345	625.508	125.495
2346	640.05	125.601
2347	617.471	127.921
2348	627.604	129.176
2349	636.495	129.319
2350	625.735	129.76
2351	634.514	130.263
2352	622.163	130.69
2353	649.648	131.033
2354	618.195	132.638
2355	610.536	132.741
2356	634.382	133.032
2357	612.218	134.758
2358	619.071	135.846
2359	662.65	136.899
2360	658.723	138.197
2361	651.528	138.403
2362	661.357	140.724
2363	644.799	141.261
2364	636.913	141.899
2365	639.199	142.088
2366	643.383	143.582
2367	628.99	145.241
2368	658.936	145.456
2369	625.444	145.547
2370	659.866	145.636
2371	630.689	145.696
2372	639.847	146.073
2373	615.64	148.389
2374	629.251	148.398
2375	650.806	149.221
2376	656.952	150.523
2377	604.735	150.861
2378	626.521	150.995
2379	617.633	151.196
2380	647.191	152.708
2381	646.492	152.897
2382	619.496	154.315
2383	627.27	154.611
2384	639.284	155.42
2385	622.555	155.503
2386	625.851	156.341
2387	643.606	156.761
2388	609.945	158.653
2389	602.53	160.501
2390	657.65	160.602
2391	635.719	161.542
2392	622.699	162.277
2393	637.024	162.813
2394	639.967	162.975
2395	639.365	163.731
2396	620.534	164.019
2397	630.962	164.268
2398	621.702	164.641
2399	620.159	165.072
2400	662.146	165.24
2401	650.876	165.404
2402	648.855	167.315
2403	624.875	168.281
2404	654.176	168.852
2405	631.85	168.909
2406	611.298	168.946
2407	602.919	169.31
2408	650.435	169.443
2409	619.291	169.777
2410	615.414	170.371
2411	616.396	170.894
2412	644.034	172.01
2413	642.844	172.614
2414	649.544	172.643
2415	657.885	173.242
2416	651.132	174.202
2417	643.42	175.624
2418	642.241	176.611
2419	632.65	178.971
2420	628.554	179.042
2421	618.682	179.581
2422	656.563	179.591
2423	641.56	181.521
2424	636.046	181.612
2425	653.977	182.634
2426	639.708	183.47
2427	638.731	183.472
2428	601.317	184.681
2429	623.263	184.972
2430	620.703	185.233
2431	612.437	185.931
2432	610.704	186.45
2433	615.151	186.791
2434	602.679	187.337
2435	607.416	188.377
2436	647.937	189.06
2437	657.491	189.694
2438	638.975	191.449
2439	651.958	192.903
2440	604.409	193.249
2441	632.028	194.416
2442	601.576	194.947
2443	640.128	195.589
2444	609.228	195.754
2445	624.375	196.041
2446	645.81	196.052
2447	613.66	196.166
2448	625.616	196.519
2449	646.799	197.472
2450	633.093	198.324
2451	614.3	198.526
2452	613.055	198.557
2453	608.58	199.304
2454	635.52	199.74
2455	601.033	200.945
2456	652.831	202.27
2457	609.127	204.111
2458	605.49	204.686
2459	611.829	204.873
2460	619.031	205.036
2461	614.423	205.113
2462	657.772	205.355
2463	657.381	206.686
2464	631.138	206.869
2465	623.037	207.234
2466	612.316	209.244
2467	631.43	210.478
2468	607.942	210.84
2469	605.976	211.04
2470	618.437	212.16
2471	634.796	212.666
2472	610.961	213.425
2473	610.153	215.188
2474	633.422	218.453
2475	608.146	219.188
2476	633.557	219.878
2477	604.556	220.79
2478	623.087	221.653
2479	613.606	222.104
2480	615.063	222.315
2481	627.911	223.012
2482	604.254	223.408
2483	607.289	224.486
2484	644.213	224.599
2485	598.838	224.764
2486	608.264	225.201
2487	623.982	225.693
2488	617.815	225.705
2489	609.06	226.166
2490	598.718	226.987
2491	654.422	231.377
2492	625.301	232.053
2493	639.147	233.532
2494	643.697	233.82
2495	631.229	234.764
2496	644.494	235.512
2497	636.19	236.904
2498	613.143	237.416
2499	648.744	239.676
2500	617.003	239.865
2501	621.991	241.452
2502	595.235	241.921
2503	614.255	242.22
2504	625.158	242.82
2505	615.254	243.125
2506	656.057	243.157
2507	602.706	243.216
2508	642.662	245.097
2509	626.823	247.105
2510	642.879	248.146
2511	608.849	248.307
2512	597.123	251.997
2513	627.196	252.452
2514	590.237	253.125
2515	606.155	253.36
2516	626.671	254.995
2517	631.705	255.064
2518	611.046	256.673
2519	607.867	257.979
2520	612.879	258.661
2521	620.419	259.859
2522	600.872	260.058
2523	640.509	260.983
2524	632.566	261.732
2525	632.969	261.954
2526	637.637	262.346
2527	600.762	262.49
2528	609.641	262.757
2529	598.192	262.925
2530	633.248	263.68
2531	613.565	264.571
2532	596.028	264.929
2533	605.868	266.005
2534	606.284	266.339
2535	630.267	266.767
2536	590.664	267.344
2537	634.972	268.941
2538	629.951	269.953
2539	566.779	270.141
2540	624.628	270.96
2541	592.434	271.299
2542	563.985	272.66
2543	582.921	272.69
2544	558.108	272.722
2545	576.439	273.065
2546	617.069	273.229
2547	606.928	273.56
2548	592.685	274.15
2549	604.825	274.538
2550	550.221	276.31
2551	631.365	277.22
2552	618.024	277.472
2553	609.564	277.599
2554	551.227	277.835
2555	561.011	278.402
2556	610.315	279.406
2557	630.816	279.596
2558	586.251	279.724
2559	615.035	280.036
2560	544.102	280.259
2561	596.122	280.357
2562	551.038	280.461
2563	627.389	280.766
2564	629.581	280.84
2565	583.927	280.909
2566	567.411	281.058
2567	563.615	281.11
2568	535.18	281.514
2569	588.253	281.569
2570	601.208	281.781
2571	628.756	281.994
2572	566.374	282.239
2573	553.029	282.259
2574	554.812	282.421
2575	591.563	282.493
2576	538.109	282.559
2577	614.086	282.568
2578	619.945	283.01
2579	550.033	283.092
2580	598.961	284.439
2581	598.586	284.883
2582	599.292	285.253
2583	603.992	287.038
2584	589.273	287.346
2585	537.23	287.784
2586	611.121	288.272
2587	584.461	288.812
2588	550.336	288.853
2589	545.758	289.376
2590	586.055	289.412
2591	562.703	289.468
2592	585.755	290.904
2593	574.252	290.973
2594	582.679	290.978
2595	549.662	291.402
2596	592.2	291.789
2597	581.772	291.836
2598	564.464	292.351
2599	586.942	292.405
2600	567.92	293.421
2601	566.964	293.507
2602	610.904	293.739
2603	583.331	293.777
2604	584.405	294.012
2605	549.789	294.089
2606	585.28	294.418
2607	583.83	294.789
2608	597.681	294.973
2609	535.768	295.254
2610	604.995	295.599
2611	545.803	295.735
2612	571.74	296.147
2613	536.682	296.948
2614	588.979	296.993
2615	574.955	297.113
2616	603.368	297.967
2617	529.14	298.157
2618	554.264	299.127
2619	524.605	299.439
2620	557.589	299.657
2621	560.629	300.508
2622	588.882	301.082
2623	580.291	302.288
2624	599.632	302.326
2625	528.668	302.446
2626	550.772	303.124
2627	520.891	303.156
2628	562.2	303.45
2629	553.389	304.069
2630	554.076	304.111
2631	565.244	304.849
2632	552.828	304.859
2633	545.118	305.189
2634	574.787	305.203
2635	548.781	305.562
2636	531.641	306.148
2637	580.045	306.605
2638	536.437	306.857
2639	581.364	307.078
2640	542.73	307.096
2641	566.065	308.456
2642	589.452	309.517
2643	581.997	309.537
2644	572.642	309.685
2645	564.544	310.094
2646	551.375	310.51
2647	592.919	310.886
2648	572.525	310.948
2649	593.848	312.823
2650	573.861	313.341
2651	570.477	313.669
2652	592.084	314.374
2653	543.406	314.782
2654	587.403	314.782
2655	572.385	315.254
2656	543.885	315.921
2657	532.48	316.115
2658	568.736	316.53
2659	542.344	317.173
2660	561.695	317.556
2661	557.155	319.103
2662	521.94	319.312
2663	530.896	320.019
2664	519.322	320.204
2665	551.946	321.267
2666	525.257	321.555
2667	557.719	322.275
2668	529.494	322.42
2669	565.606	323.526
2670	558.038	324.983
2671	513.127	325.576
2672	539.567	325.635
2673	511.288	325.661
2674	562.505	326.106
2675	524.815	326.561
2676	562.334	326.591
2677	542.555	326.774
2678	526.977	329.825
2679	510.187	332.044
2680	527.642	333.275
2681	535.357	333.618
2682	530.679	334.881
2683	521.398	336.101
2684	506.014	336.845
2685	544.957	338.278
2686	516.405	338.377
2687	559.536	338.844
2688	516.866	340.122
2689	516.175	340.423
2690	533.031	342.258
2691	516.709	342.967
2692	507.298	343.141
2693	526.655	343.227
2694	537.073	343.324
2695	531.384	344.036
2696	559.947	344.313
2697	551.8	344.665
2698	532.63	346.463
2699	549.928	346.87
2700	512.998	347.134
2701	506.282	347.256
2702	549.219	347.288
2703	549.046	347.325
2704	556.37	347.521
2705	530.543	347.717
2706	517.124	348.839
2707	505.591	349.722
2708	533.873	350.12
2709	546.092	350.246
2710	506.8	351.681
2711	514.726	352.324
2712	563.16	352.825
2713	560.466	353.041
2714	496.813	353.348
2715	523.78	353.627
2716	539.062	354.104
2717	515.737	354.633
2718	512.512	354.649
2719	545.246	354.684
2720	535.007	354.879
2721	531.92	355.585
2722	528.132	357.187
2723	509.195	357.335
2724	545.841	357.713
2725	564.763	360.585
2726	496.355	360.734
2727	526.393	362.78
2728	533.479	362.868
2729	534.698	363.307
2730	514.931	364.027
2731	508.735	364.085
2732	544.336	365.089
2733	536.211	368.434
2734	544.616	368.465
2735	518.741	368.731
2736	549.438	368.815
2737	552.761	369.18
2738	527.74	370.741
2739	529.853	371.235
2740	507.817	371.655
2741	537.48	372.144
2742	514.38	372.154
2743	540.382	372.201
2744	522.716	372.396
2745	547.908	373.611
2746	563.812	373.659
2747	570.276	374.89
2748	537.858	375.534
2749	566.252	376.006
2750	522.372	376.576
2751	541.593	376.772
2752	546.888	377.032
2753	582.543	378.021
2754	573.339	379.514
2755	572.883	380.49
2756	584.977	380.705
2757	506.593	380.706
2758	564.637	382.724
2759	560.103	383.985
2760	568.561	384.308
2761	582.386	384.61
2762	544.506	384.68
2763	602.052	385.07
2764	626.183	385.463
2765	623.634	386.466
2766	557.014	386.488
2767	616.898	386.718
2768	524.271	387.662
2769	497.011	388.034
2770	564.948	388.251
2771	576.761	388.831
2772	561.196	389.205
2773	594.78	390.005
2774	630.417	390.87
2775	575.553	391.146
2776	623.474	391.353
2777	528.987	391.381
2778	623.929	392.063
2779	500.079	392.084
2780	621.458	392.174
2781	627.516	392.205
2782	609.448	392.217
2783	556.283	393.042
2784	614.765	393.269
2785	624.527	393.526
2786	568.984	393.64
2787	518.845	393.922
2788	538.624	394.299
2789	613.404	394.391
2790	557.228	394.627
2791	546.581	395.05
2792	529.239	395.06
2793	553.648	395.396
2794	620.747	395.5
2795	637.922	396.26
2796	619.682	396.262
2797	620.355	396.944
2798	640.872	396.954
2799	647.756	397.113
2800	517.716	397.381
2801	509.624	398.128
2802	584.55	398.314
2803	515.617	398.462
2804	534.354	398.824
2805	658.107	398.942
2806	523.036	399.07
2807	540.774	399.332
2808	512.329	399.97
2809	659.654	400.335
2810	580.489	400.387
2811	656.659	400.523
2812	497.553	400.884
2813	580.793	400.915
2814	652.585	401.112
2815	653.301	401.142
2816	634.716	401.244
2817	664.506	402.044
2818	607.694	402.076
2819	631.776	402.169
2820	596.177	402.183
2821	638.123	402.948
2822	666.425	403.01
2823	569.496	403.554
2824	523.135	404.033
2825	591.13	404.274
2826	514.003	404.715
2827	540.47	405.085
2828	556	405.256
2829	634.319	405.427
2830	636.7	405.742
2831	517.442	406.077
2832	637.681	406.356
2833	507.08	406.499
2834	532.885	407.271
2835	561.513	407.344
2836	657.817	408.07
2837	576.475	408.079
2838	519.845	408.173
2839	605.298	408.676
2840	525.329	408.777
2841	609.738	408.906
2842	643.854	409.022
2843	632.419	409.502
2844	531.025	409.594
2845	665.24	409.595
2846	656.889	409.615
2847	543.174	409.724
2848	583.483	409.846
2849	559.64	410.03
2850	521.159	410.444
2851	594.187	410.605
2852	531.474	410.911
2853	537.59	410.962
2854	589.913	410.969
2855	559.715	411.3
2856	644.994	411.51
2857	522.47	411.807
2858	522.187	411.914
2859	558.783	412.258
2860	546.742	412.305
2861	523.594	412.541
2862	617.726	412.715
2863	571.524	413.035
2864	543.677	413.373
2865	624.702	413.612
2866	513.46	413.998
2867	541.81	414.169
2868	593.963	414.261
2869	644.629	414.595
2870	638.329	414.601
2871	625.101	414.69
2872	544.225	414.718
2873	548.348	415.317
2874	648.34	415.376
2875	656.796	416.111
2876	622.982	416.399
2877	639.921	416.485
2878	527.026	416.579
2879	544.763	416.649
2880	518.294	416.867
2881	680.701	416.937
2882	536.556	417.417
2883	650.36	418.248
2884	577.566	418.34
2885	654.665	418.648
2886	662.413	418.669
2887	588.025	419.772
2888	509.088	420.189
2889	517.639	420.626
2890	615.942	420.748
2891	555.656	421.388
2892	541.292	421.412
2893	606.456	421.616
2894	555.477	422.03
2895	641.059	422.102
2896	683.671	422.505
2897	663.05	422.637
2898	595.394	422.642
2899	602.168	422.725
2900	639.621	422.884
2901	642.005	422.946
2902	503.099	423.039
2903	552.192	423.151
2904	645.575	423.792
2905	675.769	424.198
2906	547.195	424.432
2907	614.932	424.576
2908	557.78	425.207
2909	667.073	425.59
2910	510.521	426.533
2911	632.094	426.829
2912	555.071	427.039
2913	664.939	427.302
2914	534.138	427.444
2915	600.056	427.462
2916	606.664	427.974
2917	591.859	428.001
2918	645.176	428.255
2919	670.508	428.31
2920	561.414	428.466
2921	613.794	428.565
2922	559.657	428.669
2923	560.38	429.224
2924	671.176	429.473
2925	550.407	429.628
2926	496.552	429.749
2927	598.298	430.209
2928	681.532	430.285
2929	666.825	430.519
2930	576.034	430.531
2931	541.993	430.812
2932	531.421	430.824
2933	649.929	431.409
2934	677.589	431.481
2935	548.547	431.905
2936	519.073	431.995
2937	568.102	432.006
2938	635.104	432.828
2939	505.11	432.984
2940	579.018	433.463
2941	618.99	433.662
2942	526.011	433.833
2943	518.055	433.979
2944	571.178	434.044
2945	605.596	434.319
2946	524.43	434.446
2947	660.227	434.59
2948	517.953	434.911
2949	673.834	435.254
2950	622.07	435.692
2951	595.016	436.412
2952	584.847	436.565
2953	644.594	436.61
2954	618.814	436.923
2955	549.33	437.57
2956	607.165	437.833
2957	508.218	438.065
2958	632.776	438.067
2959	672.278	438.864
2960	512.791	438.881
2961	523.964	438.922
2962	641.493	439.113
2963	511.816	439.857
2964	646.095	440.274
2965	539.492	440.442
2966	545.038	440.497
2967	552.415	440.576
2968	637.852	440.88
2969	647.44	440.969
2970	570.518	441.199
2971	668.521	441.215
2972	647.346	441.747
2973	649.06	442.005
2974	655.122	442.006
2975	554.389	442.29
2976	540.557	442.73
2977	601.448	442.844
2978	612.047	442.94
2979	594.482	443.222
2980	645.027	443.565
2981	514.101	444.018
2982	518.556	444.059
2983	573.011	444.297
2984	603.032	444.463
2985	555.255	445.01
2986	593.286	445.038
2987	558.663	445.26
2988	591.195	445.414
2989	661.845	445.446
2990	602.472	445.846
2991	601.816	446.305
2992	564.269	446.346
2993	609.013	446.653
2994	520.396	447.219
2995	560.053	447.272
2996	637.739	447.422
2997	638.559	448.135
2998	587.828	448.49
2999	629.202	448.54
3000	627.726	450.15
3001	621.208	451.384
3002	538.157	452.418
3003	629.318	452.661
3004	657.117	452.665
3005	559.182	452.682
3006	545.589	452.721
3007	602.373	453.472
3008	551.717	453.653
3009	653.791	453.915
3010	612.672	454.15
3011	558.219	454.31
3012	547.3	454.506
3013	612.535	455.623
3014	578.35	455.69
3015	538.964	455.895
3016	534.608	455.959
3017	621.903	455.992
3018	618.075	456.074
3019	562.08	456.396
3020	617.962	457.551
3021	568.39	457.755
3022	573.75	458.924
3023	565.86	459.454
3024	561.304	459.931
3025	578.67	460.61
3026	554.716	460.908
3027	577.082	461.731
3028	569.221	462.349
3029	556.636	464.758
3030	557.293	465.752
