0
37,43,46,149,211,212,232,234,245,313,332,360,365,389,395,399,400,416,419,437,440,449,456,459,473,495,
1
20,82,100,134,164,189,227,239,240,289,290,291,308,318,386,387,431,484,493,
2
6,18,58,63,70,71,92,94,102,105,150,169,194,218,222,243,286,299,319,325,406,420,
3
5,76,155,214,223,248,251,267,334,337,348,362,424,477,483,
4
39,82,84,116,139,159,164,189,200,237,249,289,308,318,322,336,372,387,448,457,464,465,466,487,493,
5
3,36,38,61,67,76,91,115,162,223,248,251,302,383,390,396,424,477,478,483,
6
2,18,58,63,70,71,92,94,102,105,150,169,194,218,222,243,286,299,319,325,402,406,420,
7
66,72,78,96,126,138,186,188,193,201,228,235,242,258,262,279,285,287,296,301,352,376,410,417,425,451,461,480,488,
8
16,59,60,88,96,104,131,175,191,193,201,210,224,225,242,258,292,300,392,418,442,
9
21,28,42,47,117,165,167,176,179,181,199,229,274,309,339,369,397,422,428,441,455,499,
10
30,81,123,137,152,154,187,207,252,323,359,433,443,447,482,
11
19,23,65,127,138,181,339,341,423,439,451,463,475,488,
12
27,108,120,136,157,173,192,203,277,284,314,338,385,414,
13
18,155,169,222,325,331,337,362,486,
14
89,122,335,371,407,435,
15
30,34,35,80,106,123,160,166,198,205,207,252,256,278,310,346,347,426,429,443,447,482,
16
8,59,60,88,104,131,175,191,210,224,225,266,300,353,392,418,442,
17
25,48,63,71,77,92,144,218,241,271,283,293,324,351,354,358,380,402,458,467,
18
2,6,13,58,70,105,150,155,169,222,286,299,325,331,362,406,486,
19
11,23,65,126,127,138,279,341,417,423,439,451,463,480,488,
20
1,39,82,100,134,153,164,189,226,227,239,240,289,290,291,308,318,386,387,431,438,446,465,471,484,493,
21
9,47,49,98,142,170,176,179,199,209,229,307,309,329,355,388,397,427,441,455,468,
22
157,173,174,192,203,230,247,275,314,330,338,364,384,385,414,445,452,469,481,
23
11,19,65,78,126,127,138,158,181,186,188,276,279,296,341,417,423,425,428,432,439,451,475,480,485,488,492,
24
50,125,178,180,183,261,263,311,342,349,366,367,368,393,404,472,
25
17,48,63,71,77,92,94,144,194,218,241,243,293,319,324,358,380,402,458,467,
26
57,86,97,107,113,145,148,151,156,161,177,182,213,221,257,264,343,356,370,379,391,394,405,415,450,453,454,470,
27
12,136,277,338,385,
28
9,42,117,165,167,179,181,199,274,276,369,397,422,428,441,455,475,499,
29
33,53,55,90,132,135,178,183,196,215,220,255,263,280,303,306,311,316,342,349,393,413,479,
30
10,15,80,81,123,137,152,154,160,166,187,205,207,252,346,359,426,433,443,447,482,
31
35,62,77,114,144,202,219,238,271,304,327,351,354,
32
103,133,172,195,208,270,294,295,305,375,436,476,
33
29,52,53,90,112,132,135,190,196,211,215,255,269,280,306,316,413,416,479,
34
15,35,80,106,160,166,198,202,205,207,219,238,256,278,288,310,346,347,426,429,443,447,
35
15,31,34,62,106,114,160,166,198,202,205,219,238,256,278,288,304,310,327,346,347,429,
36
5,38,61,67,76,91,115,140,162,223,248,251,302,350,382,383,390,396,403,424,477,478,483,
37
0,46,52,112,149,190,211,212,234,245,313,332,360,365,389,395,399,400,416,419,437,449,459,473,495,
38
5,36,61,67,76,115,140,162,251,302,382,383,390,424,477,478,483,
39
4,20,82,100,153,164,189,200,227,240,249,289,290,291,308,318,322,336,372,373,387,438,446,465,471,493,
40
108,120,136,140,277,350,382,390,396,403,421,
41
44,45,68,75,79,87,95,101,119,129,184,230,236,253,254,259,268,272,297,326,330,357,363,384,411,412,430,445,452,462,469,481,489,
42
9,28,65,117,127,165,167,179,181,274,276,339,341,344,369,422,428,432,439,455,463,475,499,
43
0,85,142,149,209,212,232,245,265,307,313,329,365,388,389,399,400,427,437,440,468,
44
41,45,68,75,79,87,95,101,119,129,147,184,206,230,236,253,254,259,268,272,297,326,330,357,363,378,398,401,411,412,430,445,462,481,489,
45
41,44,68,79,87,95,101,119,129,174,230,236,254,259,272,326,330,357,363,364,384,398,411,412,445,462,469,481,489,
46
0,37,149,212,234,245,313,332,360,365,389,395,399,400,416,419,437,440,449,459,473,495,
47
9,21,49,98,142,176,199,209,229,309,329,355,388,397,427,441,468,
48
17,25,63,71,77,92,94,144,218,241,243,293,324,358,380,402,458,467,
49
21,47,98,142,149,209,229,307,309,329,355,388,397,427,441,456,468,
50
24,54,56,73,118,125,130,180,204,250,261,321,366,367,368,374,381,393,404,472,490,
51
69,97,151,182,213,226,233,239,264,361,370,379,391,405,450,453,454,460,470,484,
52
33,37,53,90,112,132,190,196,211,215,234,269,280,306,316,360,395,413,416,449,459,495,
53
29,33,52,90,112,132,135,190,196,215,255,269,280,306,316,413,416,479,
54
50,56,73,83,84,93,116,118,128,130,139,159,168,185,231,312,317,320,321,366,368,372,374,377,457,464,487,490,
55
29,135,178,180,183,215,220,255,263,303,311,342,349,381,393,404,479,
56
50,54,73,83,118,125,128,130,168,180,250,261,317,321,366,367,368,374,377,472,490,
57
26,86,107,113,143,145,148,151,156,161,177,221,257,264,343,356,370,391,394,405,415,454,470,
58
2,6,18,63,70,71,94,102,105,150,169,194,222,243,286,299,319,325,406,420,
59
8,16,60,66,88,96,104,131,175,191,193,201,210,217,224,242,258,292,300,392,418,442,
60
8,16,59,104,131,163,175,191,225,266,300,353,392,
61
5,36,38,67,76,91,115,162,223,248,251,302,350,382,383,390,396,403,424,477,478,483,
62
31,35,114,202,219,238,256,271,278,288,304,327,351,429,
63
2,6,17,25,48,58,71,77,92,94,102,105,194,218,241,243,286,293,319,324,358,402,420,458,467,
64
131,163,197,210,260,266,353,
65
11,19,23,42,117,127,138,158,165,167,181,274,276,341,369,422,423,428,432,439,451,463,475,485,
66
7,59,72,88,96,104,193,201,228,235,242,258,262,285,287,292,296,300,301,352,376,392,410,418,442,461,
67
5,36,38,61,91,115,140,162,251,302,350,382,383,390,396,403,477,478,
68
41,44,45,75,79,87,95,101,119,129,147,174,230,236,253,254,259,268,272,297,326,330,357,363,384,398,411,412,430,445,452,462,469,481,489,
69
51,97,213,226,233,239,361,370,379,405,450,453,460,470,484,
70
2,6,18,58,71,94,102,105,150,169,194,222,243,286,299,319,325,406,420,
71
2,6,17,25,48,58,63,70,92,94,102,105,150,194,218,241,243,286,299,319,324,358,402,406,420,458,467,
72
7,66,78,96,126,186,188,235,262,279,285,287,296,301,352,376,410,417,425,451,461,480,
73
50,54,56,83,93,118,125,128,130,168,231,250,261,317,321,366,367,368,374,377,472,490,
74
124,141,246,281,282,315,333,340,409,491,497,
75
41,44,68,87,95,110,129,147,184,206,236,253,254,259,268,272,297,315,357,363,378,401,411,412,430,462,489,
76
3,5,36,38,61,115,214,223,248,251,267,302,337,348,362,383,424,477,483,
77
17,25,31,48,63,92,114,144,218,241,271,283,293,324,351,354,358,380,402,458,467,
78
7,23,72,126,127,138,186,188,235,262,279,285,287,296,301,352,376,410,417,425,451,461,480,485,488,492,
79
41,44,45,68,87,95,101,119,174,230,236,326,330,384,398,411,445,452,462,469,481,489,
80
15,30,34,106,123,160,166,187,198,205,207,288,310,346,426,429,443,447,482,
81
10,30,121,123,137,152,154,187,252,273,323,359,433,443,447,482,
82
1,4,20,39,100,116,134,139,159,164,189,200,227,237,240,249,289,290,291,308,318,322,336,372,373,386,387,446,448,465,466,471,493,
83
54,56,73,84,93,116,118,128,130,139,159,168,185,231,312,317,320,321,336,366,372,373,374,377,457,464,487,490,
84
4,54,83,93,116,128,130,139,159,168,185,200,231,237,249,289,312,317,320,321,322,336,372,373,374,377,448,457,464,465,466,487,
85
43,98,142,149,209,265,307,313,329,355,365,388,400,427,440,468,
86
26,57,145,148,151,156,161,177,213,221,233,257,264,370,379,391,394,405,450,454,470,
87
41,44,45,68,75,79,95,101,119,129,147,184,206,230,236,253,254,259,268,272,297,326,330,357,363,378,398,401,411,412,430,445,462,481,489,
88
8,16,59,66,96,104,131,191,193,210,224,242,258,292,300,392,418,442,
89
14,122,143,295,328,335,371,407,435,496,498,
90
29,33,52,53,112,132,135,178,190,196,215,255,269,280,303,306,316,342,413,479,
91
5,36,61,67,115,162,302,383,390,396,403,421,424,477,478,
92
2,6,17,25,48,63,71,77,94,102,105,194,218,241,243,293,319,324,358,402,420,458,
93
54,73,83,84,116,128,130,139,159,168,185,200,231,249,312,317,336,372,373,374,377,457,464,
94
2,6,25,48,58,63,70,71,92,102,105,194,218,241,243,286,299,319,358,402,406,420,458,467,
95
41,44,45,68,75,79,87,101,119,129,147,174,184,206,230,236,253,254,259,268,272,297,326,330,357,363,378,398,401,411,412,430,445,462,481,489,
96
7,8,59,66,72,88,104,175,188,191,193,201,217,224,228,235,242,258,262,285,287,292,296,300,352,376,392,410,417,418,442,461,
97
26,51,69,145,148,151,182,213,264,370,379,391,394,405,450,453,454,460,470,
98
21,47,49,85,142,149,209,265,307,309,329,355,388,400,427,456,468,
99
103,109,146,171,172,244,273,294,298,323,375,408,434,436,444,494,
100
1,20,39,82,134,153,164,189,200,226,227,239,240,249,289,290,291,308,318,386,387,431,438,446,465,471,493,
101
41,44,45,68,79,87,95,119,129,174,230,236,254,259,268,272,326,330,357,363,384,398,411,445,452,462,469,481,489,
102
2,6,58,63,70,71,92,94,105,150,194,218,241,243,286,299,319,325,402,406,420,
103
32,99,109,133,171,172,195,208,244,294,298,375,408,434,436,476,
104
8,16,59,60,66,88,96,131,175,191,193,210,217,224,228,242,258,292,300,392,418,442,
105
2,6,18,58,63,70,71,92,94,102,150,169,194,218,222,243,286,299,319,325,402,406,420,
106
15,34,35,80,160,166,198,205,207,256,278,288,310,346,426,429,447,
107
26,57,113,122,143,145,148,151,156,161,177,221,257,264,335,343,356,391,394,415,435,454,470,496,
108
12,40,120,136,140,277,350,382,390,396,403,421,
109
99,103,121,146,171,172,244,273,294,298,323,408,434,436,444,494,
110
75,124,141,147,184,206,246,253,268,281,315,357,363,378,401,430,
111
216,260,340,345,409,474,491,497,
112
33,37,52,53,90,132,190,196,211,215,269,280,306,316,360,413,416,449,495,
113
26,57,107,122,143,145,148,151,156,161,177,221,257,264,328,335,343,356,391,394,415,435,454,496,498,
114
31,35,62,77,144,202,219,238,256,271,283,304,327,351,354,
115
5,36,38,61,67,76,91,140,162,251,302,350,382,383,390,396,403,421,424,477,478,483,
116
4,54,82,83,84,93,128,130,139,159,168,185,200,231,237,249,289,308,312,317,320,322,336,372,373,377,387,448,457,464,465,466,487,
117
9,28,42,65,165,167,176,179,181,199,229,274,276,339,341,344,369,397,422,428,439,441,455,463,475,499,
118
50,54,56,73,83,125,128,130,168,250,261,317,321,366,367,368,374,377,472,490,
119
41,44,45,68,79,87,95,101,174,230,236,254,272,326,330,363,384,398,411,445,462,469,481,489,
120
12,40,108,136,157,173,277,284,338,385,421,
121
81,109,137,273,323,359,408,433,434,
122
14,89,107,113,143,328,335,343,356,371,407,435,496,498,
123
10,15,30,80,81,152,154,160,166,187,205,207,252,346,426,433,443,447,482,
124
74,110,141,246,281,282,315,333,340,491,497,
125
24,50,56,73,118,180,183,204,250,261,263,311,349,366,367,368,381,393,404,472,
126
7,19,23,72,78,127,138,158,186,188,235,262,279,285,287,296,301,352,376,410,417,423,425,451,461,480,485,488,492,
127
11,19,23,42,65,78,126,138,158,165,181,276,341,423,428,432,439,451,463,475,480,485,488,492,
128
54,56,73,83,84,93,116,118,130,139,159,168,185,231,312,317,320,321,322,336,372,374,377,448,457,464,466,487,490,
129
41,44,45,68,75,87,95,101,184,236,253,254,259,268,272,326,330,357,363,378,411,412,430,462,481,489,
130
50,54,56,73,83,84,93,116,118,128,159,168,185,231,312,317,321,366,368,374,377,457,464,487,490,
131
8,16,59,60,64,88,104,175,191,193,197,210,224,225,266,292,300,353,392,418,442,
132
29,33,52,53,90,112,135,190,196,211,215,255,269,280,303,306,316,342,413,416,479,
133
32,103,171,172,195,208,244,294,295,305,375,436,476,
134
1,20,82,100,153,164,189,227,291,308,318,386,387,431,493,
135
29,33,53,55,90,132,178,183,196,215,220,255,263,280,303,306,311,316,342,349,393,404,413,479,
136
12,27,40,108,120,140,277,338,350,382,385,403,
137
10,30,81,121,152,187,273,323,359,408,433,434,
138
7,11,19,23,65,78,126,127,158,186,188,262,279,285,296,301,341,352,410,417,423,425,432,439,451,480,485,488,492,
139
4,54,82,83,84,93,116,128,159,168,185,200,231,237,249,289,308,312,317,320,322,336,372,373,377,387,448,457,464,465,466,471,487,
140
36,38,40,67,108,115,136,162,277,350,382,383,390,403,421,
141
74,110,124,147,206,246,281,282,315,333,378,401,430,
142
21,43,47,49,85,98,149,209,265,307,309,329,355,388,400,427,440,456,468,
143
57,89,107,113,122,156,161,177,221,257,328,335,343,356,371,415,435,496,498,
144
17,25,31,48,77,114,202,241,271,283,293,324,351,354,358,380,458,467,
145
26,57,86,97,107,113,148,151,161,177,182,213,221,257,264,343,356,391,394,415,453,454,470,
146
99,109,154,273,298,323,433,434,494,
147
44,68,75,87,95,110,141,184,206,236,253,254,268,272,297,315,326,357,363,378,398,401,412,430,462,
148
26,57,86,97,107,113,145,151,156,161,177,182,213,221,257,264,343,356,370,379,391,394,405,415,450,454,470,
149
0,37,43,46,49,85,98,142,212,232,234,245,265,307,313,329,332,365,389,399,400,419,427,437,440,449,456,459,468,473,
150
2,6,18,58,70,71,102,105,169,222,243,286,299,319,325,406,420,486,
151
26,51,57,86,97,107,113,145,148,156,161,177,182,213,221,264,343,370,391,394,405,415,450,453,454,470,
152
10,30,81,123,137,154,187,207,252,273,323,359,433,443,447,482,
153
20,39,100,134,227,239,290,291,318,386,387,438,446,471,493,
154
10,30,81,123,146,152,252,359,433,447,482,494,
155
3,13,18,169,222,223,267,325,331,334,337,348,362,486,
156
26,57,86,107,113,143,148,151,161,177,221,257,264,370,391,394,415,454,
157
12,22,120,173,192,203,247,275,284,314,338,364,384,385,414,
158
23,65,126,127,138,165,181,276,423,428,432,439,451,475,485,492,
159
4,54,82,83,84,93,116,128,130,139,168,185,200,231,237,249,289,308,312,317,320,322,336,372,373,374,377,387,448,457,464,465,466,487,
160
15,30,34,35,80,106,123,166,187,198,205,207,252,256,278,288,310,346,347,426,429,443,447,482,
161
26,57,86,107,113,143,145,148,151,156,177,221,257,264,343,356,370,391,394,405,415,435,454,470,
162
5,36,38,61,67,91,115,140,251,302,350,382,383,390,396,403,421,424,477,478,
163
60,64,197,216,225,260,266,353,
164
1,4,20,39,82,100,134,189,200,227,237,289,290,291,308,318,386,387,431,465,493,
165
9,28,42,65,117,127,158,167,179,181,274,276,339,341,344,369,422,428,432,439,455,463,475,499,
166
15,30,34,35,80,106,123,160,198,205,207,238,256,278,288,310,346,347,426,429,443,447,482,
167
9,28,42,65,117,165,176,179,181,199,229,274,276,339,341,344,369,422,428,439,441,455,463,475,499,
168
54,56,73,83,84,93,116,118,128,130,139,159,185,200,231,249,312,317,320,321,322,336,372,373,374,377,448,457,464,466,487,490,
169
2,6,13,18,58,70,105,150,155,222,286,299,325,331,334,348,362,406,486,
170
21,176,199,209,229,307,309,388,441,455,
171
99,103,109,133,172,195,244,294,298,375,408,436,444,476,
172
32,99,103,109,133,171,195,208,244,294,295,298,305,375,436,444,476,
173
12,22,120,157,192,203,247,275,277,284,314,338,385,414,
174
22,45,68,79,95,101,119,230,247,326,330,364,384,398,411,445,452,462,469,481,489,
175
8,16,59,60,96,104,131,191,193,201,224,242,258,300,392,418,442,
176
9,21,47,117,167,170,179,199,209,229,274,307,309,339,388,397,422,441,455,468,
177
26,57,86,107,113,143,145,148,151,156,161,221,257,264,370,391,394,405,415,454,470,
178
24,29,55,90,135,180,183,215,220,255,263,280,303,311,342,349,393,404,
179
9,21,28,42,117,165,167,176,181,199,229,274,276,339,341,344,369,397,422,428,439,441,455,463,475,499,
180
24,50,55,56,125,178,183,204,220,250,263,311,349,366,367,368,381,393,404,472,
181
9,11,23,28,42,65,117,127,158,165,167,179,274,276,339,341,344,369,422,428,432,439,455,463,475,499,
182
26,51,97,145,148,151,213,264,370,379,391,394,405,450,453,454,460,470,
183
24,29,55,125,135,178,180,204,220,263,303,311,342,349,367,381,393,404,472,
184
41,44,75,87,95,110,129,147,206,236,253,254,259,268,272,357,363,378,401,412,430,462,
185
54,83,84,93,116,128,130,139,159,168,200,231,237,249,312,317,320,336,372,373,374,377,387,457,464,465,466,487,490,
186
7,23,72,78,126,138,188,228,235,262,279,285,287,296,301,352,376,410,417,423,425,451,461,480,485,492,
187
10,30,80,81,123,137,152,160,205,207,252,359,426,433,443,447,482,
188
7,23,72,78,96,126,138,186,217,228,235,262,279,285,287,296,301,352,376,410,417,423,425,451,461,480,488,492,
189
1,4,20,39,82,100,134,164,227,237,240,289,290,291,308,318,386,387,431,465,493,
190
33,37,52,53,90,112,132,196,211,215,234,269,280,306,316,360,395,413,416,449,495,
191
8,16,59,60,88,96,104,131,175,193,201,210,224,242,258,292,300,392,418,442,
192
12,22,157,173,203,247,275,284,314,338,364,384,385,414,452,469,
193
7,8,59,66,88,96,104,131,175,191,201,210,217,224,228,235,242,258,262,285,287,292,300,352,376,392,410,418,442,461,
194
2,6,25,58,63,70,71,92,94,102,105,218,241,243,286,299,319,324,358,402,406,420,458,467,
195
32,103,133,171,172,208,244,270,294,295,305,375,407,436,476,
196
29,33,52,53,90,112,132,135,190,211,215,255,269,280,306,316,342,413,416,
197
64,131,163,225,260,266,353,
198
15,34,35,80,106,160,166,205,207,256,278,288,310,346,347,426,429,447,482,
199
9,21,28,47,117,167,170,176,179,229,274,309,369,397,422,441,455,
200
4,39,82,84,93,100,116,139,159,164,168,185,231,237,249,289,308,312,318,320,322,336,372,373,387,446,448,457,464,465,466,471,487,493,
201
7,8,59,66,96,175,191,193,228,235,242,258,262,285,287,292,296,300,352,376,410,418,442,461,
202
31,34,35,62,114,144,219,238,256,271,283,351,354,
203
12,22,157,173,192,247,275,284,314,338,364,385,414,
204
50,125,180,183,220,250,349,367,368,381,393,404,472,
205
15,30,34,35,80,106,123,160,166,187,198,207,252,256,288,310,346,426,429,443,447,482,
206
44,75,87,95,110,141,147,184,236,253,254,268,272,297,315,357,363,378,401,412,430,
207
10,15,30,34,80,106,123,152,160,166,187,198,205,252,278,310,346,347,426,429,443,447,482,
208
32,103,133,172,195,244,270,294,295,298,305,436,476,
209
21,43,47,49,85,98,142,170,176,229,265,307,309,329,355,388,427,440,468,
210
8,16,59,64,88,104,131,191,193,217,224,292,392,418,442,
211
0,33,37,52,112,132,190,196,234,269,332,360,399,413,416,419,437,449,459,473,495,
212
0,37,43,46,149,232,234,245,313,332,360,365,389,395,399,400,416,419,437,440,449,459,473,495,
213
26,51,69,86,97,145,148,151,182,233,264,361,370,379,391,394,405,450,453,454,460,470,
214
3,76,223,248,267,334,337,348,424,477,483,
215
29,33,52,53,55,90,112,132,135,178,190,196,255,269,280,303,306,311,316,342,413,479,
216
111,163,260,266,345,353,
217
59,96,104,188,193,210,224,228,235,242,258,262,287,292,392,410,418,442,461,
218
2,6,17,25,48,63,71,77,92,94,102,105,194,241,243,293,319,324,358,380,402,420,458,467,
219
31,34,35,62,114,202,238,256,271,288,304,310,327,351,354,
220
29,55,135,178,180,183,204,255,263,303,311,349,381,393,404,479,
221
26,57,86,107,113,143,145,148,151,156,161,177,257,264,343,356,370,391,394,415,435,454,470,
222
2,6,13,18,58,70,105,150,155,169,299,325,406,486,
223
3,5,36,61,76,155,214,248,267,302,334,337,348,362,424,477,483,
224
8,16,59,88,96,104,131,175,191,193,210,217,228,242,292,300,392,418,442,
225
8,16,60,131,163,197,260,266,353,
226
20,51,69,100,239,240,290,291,361,431,438,460,484,
227
1,20,39,82,100,134,153,164,189,239,240,289,290,291,308,318,386,387,431,438,446,465,471,484,493,
228
7,66,96,104,186,188,193,201,217,224,235,242,258,262,285,287,292,296,352,376,392,410,417,418,442,461,
229
9,21,47,49,117,167,170,176,179,199,209,274,307,309,388,397,422,441,455,468,499,
230
22,41,44,45,68,79,87,95,101,119,174,236,247,259,326,330,364,384,398,411,445,452,462,469,481,489,
231
54,73,83,84,93,116,128,130,139,159,168,185,200,249,312,317,320,336,372,373,374,377,457,464,
232
0,43,149,212,234,245,365,389,395,399,400,419,437,449,456,459,473,
233
51,69,86,213,239,264,361,370,379,391,405,450,460,470,484,
234
0,37,46,52,149,190,211,212,232,245,313,332,360,365,389,395,399,400,416,419,437,449,459,473,495,
235
7,66,72,78,96,126,186,188,193,201,217,228,242,258,262,279,285,287,292,296,301,352,376,410,417,425,442,461,480,
236
41,44,45,68,75,79,87,95,101,119,129,147,184,206,230,253,254,259,268,272,297,326,330,357,363,378,398,401,411,412,430,445,462,481,489,
237
4,82,84,116,139,159,164,185,189,200,249,289,308,318,322,336,372,373,387,448,457,464,465,466,487,493,
238
31,34,35,62,114,166,202,219,256,271,278,283,288,304,310,327,351,354,429,
239
1,20,51,69,100,153,226,227,233,290,291,318,361,386,431,438,460,484,493,
240
1,20,39,82,100,189,226,227,289,290,291,318,387,431,438,446,465,471,493,
241
17,25,48,63,71,77,92,94,102,144,194,218,243,293,319,324,358,402,420,458,467,
242
7,8,59,66,88,96,104,175,191,193,201,217,224,228,235,258,262,285,287,292,296,300,352,376,392,410,418,442,461,
243
2,6,25,48,58,63,70,71,92,94,102,105,150,194,218,241,319,358,402,420,458,467,
244
99,103,109,133,171,172,195,208,294,298,375,408,434,436,444,476,
245
0,37,43,46,149,212,232,234,313,332,360,365,389,395,399,400,419,437,440,449,459,473,495,
246
74,110,124,141,281,282,315,333,340,409,491,497,
247
22,157,173,174,192,203,230,275,284,314,330,338,364,384,385,414,445,452,469,481,
248
3,5,36,61,76,214,223,251,267,302,337,348,362,383,424,477,483,
249
4,39,82,84,93,100,116,139,159,168,185,200,231,237,289,308,312,317,318,320,322,336,372,373,387,446,448,457,464,465,466,471,493,
250
50,56,73,118,125,180,204,261,263,366,367,368,381,393,404,472,490,
251
3,5,36,38,61,67,76,115,162,248,302,383,424,477,478,483,
252
10,15,30,81,123,152,154,160,187,205,207,426,433,443,447,482,
253
41,44,68,75,87,95,110,129,147,184,206,236,254,259,268,272,297,315,357,363,378,401,412,430,462,
254
41,44,45,68,75,87,95,101,119,129,147,184,206,236,253,259,268,272,297,326,330,357,363,378,398,401,411,412,430,445,462,481,489,
255
29,33,53,55,90,132,135,178,196,215,220,263,269,280,303,306,311,316,342,413,479,
256
15,34,35,62,106,114,160,166,198,202,205,219,238,278,288,304,310,327,346,347,429,
257
26,57,86,107,113,143,145,148,156,161,177,221,264,356,415,435,
258
7,8,59,66,88,96,104,175,191,193,201,217,228,235,242,262,285,287,292,300,352,376,392,410,418,442,461,
259
41,44,45,68,75,87,95,101,129,184,230,236,253,254,268,272,297,326,330,357,363,411,412,445,452,462,469,481,489,
260
64,111,163,197,216,225,266,345,353,409,474,
261
24,50,56,73,118,125,250,366,367,368,374,381,393,404,472,490,
262
7,66,72,78,96,126,138,186,188,193,201,217,228,235,242,258,279,285,287,292,296,301,352,376,410,417,425,451,461,480,492,
263
24,29,55,125,135,178,180,183,220,250,255,303,311,342,349,367,381,393,404,472,479,
264
26,51,57,86,97,107,113,145,148,151,156,161,177,182,213,221,233,257,370,379,391,394,405,415,450,453,454,470,
265
43,85,98,142,149,209,307,329,365,388,400,427,440,468,
266
16,60,64,131,163,197,216,225,260,353,
267
3,76,155,214,223,248,334,337,348,362,424,483,
268
41,44,68,75,87,95,101,110,129,147,184,206,236,253,254,259,272,297,315,326,330,357,363,378,401,411,412,430,462,489,
269
33,52,53,90,112,132,190,196,211,215,255,280,306,316,360,413,416,449,495,
270
32,195,208,294,295,305,436,476,
271
17,31,62,77,114,144,202,219,238,283,293,304,324,327,351,354,358,380,458,
272
41,44,45,68,75,87,95,101,119,129,147,184,206,236,253,254,259,268,297,326,330,357,363,378,398,401,411,412,430,445,462,481,489,
273
81,99,109,121,137,146,152,298,323,359,408,433,434,494,
274
9,28,42,65,117,165,167,176,179,181,199,229,339,341,344,369,422,428,439,441,455,463,475,499,
275
22,157,173,192,203,247,284,314,338,384,385,414,452,469,
276
23,28,42,65,117,127,158,165,167,179,181,341,422,423,428,432,439,475,485,499,
277
12,27,40,108,120,136,140,173,338,350,382,385,403,421,
278
15,34,35,62,106,160,166,198,207,238,256,288,304,310,327,346,347,426,429,
279
7,19,23,72,78,126,138,186,188,235,262,285,287,296,301,352,376,410,417,423,425,451,461,480,488,492,
280
29,33,52,53,90,112,132,135,178,190,196,215,255,269,303,306,316,342,413,479,
281
74,110,124,141,246,282,315,333,340,491,497,
282
74,124,141,246,281,333,340,345,409,491,497,
283
17,77,114,144,202,238,271,324,354,
284
12,120,157,173,192,203,247,275,314,338,385,
285
7,66,72,78,96,126,138,186,188,193,201,228,235,242,258,262,279,287,292,296,301,352,376,410,417,425,451,461,480,488,492,
286
2,6,18,58,63,70,71,94,102,105,150,169,194,299,319,325,406,420,
287
7,66,72,78,96,126,186,188,193,201,217,228,235,242,258,262,279,285,292,296,301,352,376,410,417,425,442,461,480,488,
288
34,35,62,80,106,160,166,198,205,219,238,256,278,310,346,429,
289
1,4,20,39,82,84,100,116,139,159,164,189,200,227,237,240,249,290,291,308,312,318,320,322,336,372,373,387,446,448,457,464,465,466,471,487,493,
290
1,20,39,82,100,153,164,189,226,227,239,240,289,291,318,386,387,431,438,446,465,471,493,
291
1,20,39,82,100,134,153,164,189,226,227,239,240,289,290,318,386,387,431,438,446,465,471,484,493,
292
8,59,66,88,96,104,131,191,193,201,210,217,224,228,235,242,258,262,285,287,300,352,376,392,410,418,442,461,
293
17,25,48,63,77,92,144,218,241,271,324,351,354,358,380,458,
294
32,99,103,109,133,171,172,195,208,244,270,298,375,436,444,476,
295
32,89,133,172,195,208,270,305,371,375,407,436,476,
296
7,23,66,72,78,96,126,138,186,188,201,228,235,242,262,279,285,287,301,352,376,410,417,425,451,461,480,488,492,
297
41,44,68,75,87,95,147,206,236,253,254,259,268,272,315,326,357,363,378,401,411,430,462,
298
99,103,109,146,171,172,208,244,273,294,408,434,436,444,476,494,
299
2,6,18,58,70,71,94,102,105,150,169,194,222,286,319,325,406,420,486,
300
8,16,59,60,66,88,96,104,131,175,191,193,201,224,242,258,292,392,418,442,
301
7,66,72,78,126,138,186,188,235,262,279,285,287,296,352,376,410,417,425,451,461,480,492,
302
5,36,38,61,67,76,91,115,162,223,248,251,350,382,383,390,396,403,424,477,478,483,
303
29,55,90,132,135,178,183,215,220,255,263,280,311,342,349,393,404,479,
304
31,35,62,114,219,238,256,271,278,327,351,
305
32,133,172,195,208,270,295,371,375,407,436,476,
306
29,33,52,53,90,112,132,135,190,196,215,255,269,280,316,413,416,479,
307
21,43,49,85,98,142,149,170,176,209,229,265,309,329,355,388,427,440,456,468,
308
1,4,20,39,82,100,116,134,139,159,164,189,200,227,237,249,289,318,336,372,373,387,464,465,466,471,493,
309
9,21,47,49,98,142,170,176,199,209,229,307,329,355,388,397,427,441,455,468,
310
15,34,35,80,106,160,166,198,205,207,219,238,256,278,288,346,347,426,429,
311
24,29,55,125,135,178,180,183,215,220,255,263,303,342,349,381,393,404,479,
312
54,83,84,93,116,128,130,139,159,168,185,200,231,249,289,317,320,321,322,336,372,373,374,377,448,457,464,465,466,487,
313
0,37,43,46,85,149,212,234,245,332,365,389,399,400,419,437,440,449,459,473,
314
12,22,157,173,192,203,247,275,284,338,364,384,385,414,469,
315
74,75,110,124,141,147,206,246,253,268,281,297,357,363,378,401,430,
316
29,33,52,53,90,112,132,135,190,196,215,255,269,280,306,413,416,479,
317
54,56,73,83,84,93,116,118,128,130,139,159,168,185,231,249,312,320,321,336,366,372,373,374,377,457,464,
318
1,4,20,39,82,100,134,153,164,189,200,227,237,239,240,249,289,290,291,308,386,387,431,438,446,465,471,493,
319
2,6,25,58,63,70,71,92,94,102,105,150,194,218,241,243,286,299,402,406,420,
320
54,83,84,116,128,139,159,168,185,200,231,249,289,312,317,322,336,372,373,374,377,448,457,464,465,466,487,
321
50,54,56,73,83,84,118,128,130,168,312,317,366,368,374,377,457,464,487,490,
322
4,39,82,84,116,128,139,159,168,200,237,249,289,312,320,336,372,377,387,448,457,464,465,466,487,
323
10,81,99,109,121,137,146,152,273,359,408,433,434,494,
324
17,25,48,63,71,77,92,144,194,218,241,271,283,293,351,354,358,380,402,458,467,
325
2,6,13,18,58,70,102,105,150,155,169,222,286,299,331,406,420,486,
326
41,44,45,68,79,87,95,101,119,129,147,174,230,236,254,259,268,272,297,330,357,363,398,401,411,430,445,462,469,481,489,
327
31,35,62,114,219,238,256,271,278,304,351,
328
89,113,122,143,335,343,356,371,407,435,496,498,
329
21,43,47,49,85,98,142,149,209,265,307,309,355,388,400,427,440,456,468,
330
22,41,44,45,68,79,87,95,101,119,129,174,230,236,247,254,259,268,272,326,357,363,384,398,411,412,445,452,462,469,481,489,
331
13,18,155,169,325,337,348,362,486,
332
0,37,46,149,211,212,234,245,313,360,365,389,399,400,416,419,437,449,459,473,495,
333
74,124,141,246,281,282,340,409,497,
334
3,155,169,214,223,267,337,348,362,483,486,
335
14,89,107,113,122,143,328,343,356,371,407,435,496,498,
336
4,39,82,83,84,93,116,128,139,159,168,185,200,231,237,249,289,308,312,317,320,322,372,373,377,387,448,457,464,465,466,471,487,
337
3,13,76,155,214,223,248,267,331,334,348,362,424,483,486,
338
12,22,27,120,136,157,173,192,203,247,275,277,284,314,385,414,
339
9,11,42,117,165,167,176,179,181,274,341,344,369,422,439,455,463,
340
74,111,124,246,281,282,333,345,409,491,497,
341
11,19,23,42,65,117,127,138,165,167,179,181,274,276,339,344,369,422,423,428,432,439,463,475,
342
24,29,55,90,132,135,178,183,196,215,255,263,280,303,311,349,393,404,413,
343
26,57,107,113,122,143,145,148,151,161,221,328,335,356,415,435,496,498,
344
42,117,165,167,179,181,274,339,341,369,422,439,455,463,475,
345
111,216,260,282,340,409,474,491,497,
346
15,30,34,35,80,106,123,160,166,198,205,207,256,278,288,310,347,426,429,443,447,482,
347
15,34,35,160,166,198,207,256,278,310,346,426,429,447,482,
348
3,76,155,169,214,223,248,267,331,334,337,362,424,483,486,
349
24,29,55,125,135,178,180,183,204,220,263,303,311,342,367,381,393,404,472,
350
36,40,61,67,108,115,136,140,162,277,302,382,383,390,396,403,421,
351
17,31,62,77,114,144,202,219,238,271,293,304,324,327,354,380,
352
7,66,72,78,96,126,138,186,188,193,201,228,235,242,258,262,279,285,287,292,296,301,376,410,417,425,451,461,480,488,492,
353
16,60,64,131,163,197,216,225,260,266,
354
17,31,77,114,144,202,219,238,271,283,293,324,351,358,380,
355
21,47,49,85,98,142,209,307,309,329,388,427,468,
356
26,57,107,113,122,143,145,148,161,221,257,328,335,343,415,435,496,
357
41,44,45,68,75,87,95,101,110,129,147,184,206,236,253,254,259,268,272,297,315,326,330,363,378,398,401,411,412,430,462,481,489,
358
17,25,48,63,71,77,92,94,144,194,218,241,243,271,293,324,354,380,402,458,467,
359
10,30,81,121,137,152,154,187,273,323,433,434,
360
0,37,46,52,112,190,211,212,234,245,269,332,365,389,395,399,416,419,437,449,459,473,495,
361
51,69,213,226,233,239,379,405,450,453,460,484,
362
3,13,18,76,155,169,223,248,267,331,334,337,348,486,
363
41,44,45,68,75,87,95,101,110,119,129,147,184,206,236,253,254,259,268,272,297,315,326,330,357,378,398,401,411,412,430,462,481,489,
364
22,45,157,174,192,203,230,247,314,384,414,445,469,481,
365
0,37,43,46,85,149,212,232,234,245,265,313,332,360,389,395,399,400,419,437,440,449,456,459,473,495,
366
24,50,54,56,73,83,118,125,130,180,250,261,317,321,367,368,374,404,472,490,
367
24,50,56,73,118,125,180,183,204,250,261,263,349,366,368,381,393,404,472,490,
368
24,50,54,56,73,118,125,130,180,204,250,261,321,366,367,374,381,393,404,472,490,
369
9,28,42,65,117,165,167,179,181,199,274,339,341,344,422,439,455,463,475,
370
26,51,57,69,86,97,148,151,156,161,177,182,213,221,233,264,379,391,394,405,450,454,460,470,
371
14,89,122,143,295,305,328,335,407,435,496,498,
372
4,39,54,82,83,84,93,116,128,139,159,168,185,200,231,237,249,289,308,312,317,320,322,336,373,377,387,448,457,464,465,466,471,487,
373
39,82,83,84,93,116,139,159,168,185,200,231,237,249,289,308,312,317,320,336,372,387,457,464,465,466,471,
374
50,54,56,73,83,84,93,118,128,130,159,168,185,231,261,312,317,320,321,366,368,377,457,490,
375
32,99,103,133,171,172,195,244,294,295,305,436,444,476,
376
7,66,72,78,96,126,186,188,193,201,228,235,242,258,262,279,285,287,292,296,301,352,410,417,425,461,480,492,
377
54,56,73,83,84,93,116,118,128,130,139,159,168,185,231,312,317,320,321,322,336,372,374,448,457,464,466,487,490,
378
44,75,87,95,110,129,141,147,184,206,236,253,254,268,272,297,315,357,363,401,412,430,462,
379
26,51,69,86,97,148,182,213,233,264,361,370,391,405,450,453,454,460,470,
380
17,25,48,77,144,218,271,293,324,351,354,358,458,
381
50,55,125,180,183,204,220,250,261,263,311,349,367,368,393,404,472,
382
36,38,40,61,67,108,115,136,140,162,277,302,350,383,390,396,403,421,478,
383
5,36,38,61,67,76,91,115,140,162,248,251,302,350,382,390,396,403,421,424,477,478,483,
384
22,41,45,68,79,101,119,157,174,192,230,247,275,314,330,364,411,414,445,452,469,481,489,
385
12,22,27,120,136,157,173,192,203,247,275,277,284,314,338,414,
386
1,20,82,100,134,153,164,189,227,239,290,291,318,431,484,493,
387
1,4,20,39,82,100,116,134,139,153,159,164,185,189,200,227,237,240,249,289,290,291,308,318,322,336,372,373,446,457,464,465,466,471,493,
388
21,43,47,49,85,98,142,170,176,209,229,265,307,309,329,355,427,440,441,468,
389
0,37,43,46,149,212,232,234,245,313,332,360,365,395,399,400,416,419,437,440,449,459,473,495,
390
5,36,38,40,61,67,91,108,115,140,162,302,350,382,383,396,403,421,477,478,
391
26,51,57,86,97,107,113,145,148,151,156,161,177,182,213,221,233,264,370,379,394,405,415,450,453,454,460,470,
392
8,16,59,60,66,88,96,104,131,175,191,193,210,217,224,228,242,258,292,300,418,442,
393
24,29,50,55,125,135,178,180,183,204,220,250,261,263,303,311,342,349,367,368,381,404,472,
394
26,57,86,97,107,113,145,148,151,156,161,177,182,213,221,264,370,391,405,415,450,454,470,
395
0,37,46,52,190,212,232,234,245,360,365,389,399,400,416,419,437,449,459,473,495,
396
5,36,40,61,67,91,108,115,162,302,350,382,383,390,403,421,477,478,
397
9,21,28,47,49,117,176,179,199,229,309,441,455,468,499,
398
44,45,68,79,87,95,101,119,147,174,230,236,254,272,326,330,357,363,411,430,445,462,481,489,
399
0,37,43,46,149,211,212,232,234,245,313,332,360,365,389,395,400,416,419,437,449,456,459,473,495,
400
0,37,43,46,85,98,142,149,212,232,234,245,265,313,329,332,365,389,395,399,419,427,437,440,449,456,459,468,473,
401
44,75,87,95,110,141,147,184,206,236,253,254,268,272,297,315,326,357,363,378,430,462,
402
6,17,25,48,63,71,77,92,94,102,105,194,218,241,243,319,324,358,420,458,467,
403
36,40,61,67,91,108,115,136,140,162,277,302,350,382,383,390,396,421,478,
404
24,50,55,125,135,178,180,183,204,220,250,261,263,303,311,342,349,366,367,368,381,393,472,
405
26,51,57,69,86,97,148,151,161,177,182,213,233,264,361,370,379,391,394,450,453,454,460,470,
406
2,6,18,58,70,71,94,102,105,150,169,194,222,286,299,319,325,420,486,
407
14,89,122,195,295,305,328,335,371,496,
408
99,103,109,121,137,171,244,273,298,323,434,
409
74,111,246,260,282,333,340,345,474,491,497,
410
7,66,72,78,96,126,138,186,188,193,201,217,228,235,242,258,262,279,285,287,292,296,301,352,376,417,425,451,461,480,488,492,
411
41,44,45,68,75,79,87,95,101,119,129,174,230,236,254,259,268,272,297,326,330,357,363,384,398,412,445,452,462,469,481,489,
412
41,44,45,68,75,87,95,129,147,184,206,236,253,254,259,268,272,330,357,363,378,411,430,462,489,
413
29,33,52,53,90,112,132,135,190,196,211,215,255,269,280,306,316,342,
414
12,22,157,173,192,203,247,275,314,338,364,384,385,452,469,
415
26,57,107,113,143,145,148,151,156,161,177,221,257,264,343,356,391,394,435,454,470,498,
416
0,33,37,46,52,53,112,132,190,196,211,212,234,269,306,316,332,360,389,395,399,419,437,449,459,473,495,
417
7,19,23,72,78,96,126,138,186,188,228,235,262,279,285,287,296,301,352,376,410,423,425,451,461,480,488,492,
418
8,16,59,66,88,96,104,131,175,191,193,201,210,217,224,228,242,258,292,300,392,442,
419
0,37,46,149,211,212,232,234,245,313,332,360,365,389,395,399,400,416,437,449,459,473,495,
420
2,6,58,63,70,71,92,94,102,105,150,194,218,241,243,286,299,319,325,402,406,
421
40,91,108,115,120,140,162,277,350,382,383,390,396,403,
422
9,28,42,65,117,165,167,176,179,181,199,229,274,276,339,341,344,369,428,439,441,455,463,475,499,
423
11,19,23,65,126,127,138,158,186,188,276,279,341,417,428,432,439,451,480,485,488,492,
424
3,5,36,38,61,76,91,115,162,214,223,248,251,267,302,337,348,383,477,478,483,
425
7,23,72,78,126,138,186,188,235,262,279,285,287,296,301,352,376,410,417,451,461,480,485,488,492,
426
15,30,34,80,106,123,160,166,187,198,205,207,252,278,310,346,347,429,443,447,482,
427
21,43,47,49,85,98,142,149,209,265,307,309,329,355,388,400,440,456,468,
428
9,23,28,42,65,117,127,158,165,167,179,181,274,276,341,422,423,432,439,463,475,499,
429
15,34,35,62,80,106,160,166,198,205,207,238,256,278,288,310,346,347,426,447,482,
430
41,44,68,75,87,95,110,129,141,147,184,206,236,253,254,268,272,297,315,326,357,363,378,398,401,412,462,
431
1,20,100,134,164,189,226,227,239,240,290,291,318,386,438,484,493,
432
23,42,65,127,138,158,165,181,276,341,423,428,439,451,475,485,492,
433
10,30,81,121,123,137,146,152,154,187,252,273,323,359,434,
434
99,103,109,121,137,146,244,273,298,323,359,408,433,494,
435
14,89,107,113,122,143,161,221,257,328,335,343,356,371,415,496,498,
436
32,99,103,109,133,171,172,195,208,244,270,294,295,298,305,375,444,476,
437
0,37,43,46,149,211,212,232,234,245,313,332,360,365,389,395,399,400,416,419,440,449,456,459,473,495,
438
20,39,100,153,226,227,239,240,290,291,318,431,446,471,493,
439
11,19,23,42,65,117,127,138,158,165,167,179,181,274,276,339,341,344,369,422,423,428,432,451,463,475,488,
440
0,43,46,85,142,149,209,212,245,265,307,313,329,365,388,389,400,427,437,473,
441
9,21,28,47,49,117,167,170,176,179,199,229,274,309,388,397,422,455,468,499,
442
8,16,59,66,88,96,104,131,175,191,193,201,210,217,224,228,235,242,258,287,292,300,392,418,461,
443
10,15,30,34,80,81,123,152,160,166,187,205,207,252,346,426,447,482,
444
99,109,171,172,244,294,298,375,436,476,
445
22,41,44,45,68,79,87,95,101,119,174,230,236,247,254,259,272,326,330,364,384,398,411,452,462,469,481,489,
446
20,39,82,100,153,200,227,240,249,289,290,291,318,387,438,465,471,493,
447
10,15,30,34,80,81,106,123,152,154,160,166,187,198,205,207,252,346,347,426,429,443,482,
448
4,82,84,116,128,139,159,168,200,237,249,289,312,320,322,336,372,377,457,464,465,466,487,
449
0,37,46,52,112,149,190,211,212,232,234,245,269,313,332,360,365,389,395,399,400,416,419,437,459,473,495,
450
26,51,69,86,97,148,151,182,213,233,264,361,370,379,391,394,405,453,454,460,470,
451
7,11,19,23,65,72,78,126,127,138,158,186,188,262,279,285,296,301,352,410,417,423,425,432,439,480,485,488,492,
452
22,41,68,79,101,174,192,230,247,259,275,330,384,411,414,445,462,469,481,489,
453
26,51,69,97,145,151,182,213,264,361,379,391,405,450,454,460,470,
454
26,51,57,86,97,107,113,145,148,151,156,161,177,182,213,221,264,370,379,391,394,405,415,450,453,460,470,
455
9,21,28,42,117,165,167,170,176,179,181,199,229,274,309,339,344,369,397,422,441,463,499,
456
0,49,98,142,149,232,307,329,365,399,400,427,437,468,
457
4,54,83,84,93,116,128,130,139,159,168,185,200,231,237,249,289,312,317,320,321,322,336,372,373,374,377,387,448,464,465,466,487,
458
17,25,48,63,71,77,92,94,144,194,218,241,243,271,293,324,358,380,402,467,
459
0,37,46,52,149,211,212,232,234,245,313,332,360,365,389,395,399,400,416,419,437,449,473,495,
460
51,69,97,182,213,226,233,239,361,370,379,391,405,450,453,454,470,484,
461
7,66,72,78,96,126,186,188,193,201,217,228,235,242,258,262,279,285,287,292,296,301,352,376,410,417,425,442,480,492,
462
41,44,45,68,75,79,87,95,101,119,129,147,174,184,230,236,253,254,259,268,272,297,326,330,357,363,378,398,401,411,412,430,445,452,469,481,489,
463
11,19,42,65,117,127,165,167,179,181,274,339,341,344,369,422,428,439,455,475,
464
4,54,83,84,93,116,128,130,139,159,168,185,200,231,237,249,289,308,312,317,320,321,322,336,372,373,377,387,448,457,465,466,487,
465
4,20,39,82,84,100,116,139,159,164,185,189,200,227,237,240,249,289,290,291,308,312,318,320,322,336,372,373,387,446,448,457,464,466,471,487,493,
466
4,82,84,116,128,139,159,168,185,200,237,249,289,308,312,320,322,336,372,373,377,387,448,457,464,465,487,
467
17,25,48,63,71,77,94,144,194,218,241,243,324,358,402,458,
468
21,43,47,49,85,98,142,149,176,209,229,265,307,309,329,355,388,397,400,427,441,456,
469
22,41,45,68,79,101,119,174,192,230,247,259,275,314,326,330,364,384,411,414,445,452,462,481,489,
470
26,51,57,69,86,97,107,145,148,151,161,177,182,213,221,233,264,370,379,391,394,405,415,450,453,454,460,
471
20,39,82,100,139,153,200,227,240,249,289,290,291,308,318,336,372,373,387,438,446,465,493,
472
24,50,56,73,118,125,180,183,204,250,261,263,349,366,367,368,381,393,404,490,
473
0,37,46,149,211,212,232,234,245,313,332,360,365,389,395,399,400,416,419,437,440,449,459,495,
474
111,260,345,409,491,497,
475
11,23,28,42,65,117,127,158,165,167,179,181,274,276,341,344,369,422,428,432,439,463,485,
476
32,103,133,171,172,195,208,244,270,294,295,298,305,375,436,444,
477
3,5,36,38,61,67,76,91,115,162,214,223,248,251,302,383,390,396,424,478,483,
478
5,36,38,61,67,91,115,162,251,302,382,383,390,396,403,424,477,483,
479
29,33,53,55,90,132,135,215,220,255,263,280,303,306,311,316,
480
7,19,23,72,78,126,127,138,186,188,235,262,279,285,287,296,301,352,376,410,417,423,425,451,461,488,492,
481
22,41,44,45,68,79,87,95,101,119,129,174,230,236,247,254,259,272,326,330,357,363,364,384,398,411,445,452,462,469,489,
482
10,15,30,80,81,123,152,154,160,166,187,198,205,207,252,346,347,426,429,443,447,
483
3,5,36,38,61,76,115,214,223,248,251,267,302,334,337,348,383,424,477,478,
484
1,20,51,69,226,227,233,239,291,361,386,431,460,
485
23,65,78,126,127,138,158,186,276,423,425,432,451,475,492,
486
13,18,150,155,169,222,299,325,331,334,337,348,362,406,
487
4,54,83,84,116,128,130,139,159,168,185,200,237,289,312,320,321,322,336,372,377,448,457,464,465,466,
488
7,11,19,23,78,126,127,138,188,279,285,287,296,352,410,417,423,425,439,451,480,
489
41,44,45,68,75,79,87,95,101,119,129,174,230,236,254,259,268,272,326,330,357,363,384,398,411,412,445,452,462,469,481,
490
50,54,56,73,83,118,128,130,168,185,250,261,321,366,367,368,374,377,472,
491
74,111,124,246,281,282,340,345,409,474,497,
492
23,78,126,127,138,158,186,188,262,279,285,296,301,352,376,410,417,423,425,432,451,461,480,485,
493
1,4,20,39,82,100,134,153,164,189,200,227,237,239,240,249,289,290,291,308,318,386,387,431,438,446,465,471,
494
99,109,146,154,273,298,323,434,
495
0,37,46,52,112,190,211,212,234,245,269,332,360,365,389,395,399,416,419,437,449,459,473,
496
89,107,113,122,143,328,335,343,356,371,407,435,498,
497
74,111,124,246,281,282,333,340,345,409,474,491,
498
89,113,122,143,328,335,343,371,415,435,496,
499
9,28,42,117,165,167,179,181,229,274,276,397,422,428,441,455,
500
537,543,546,649,711,712,732,734,745,813,832,860,865,889,895,899,900,916,919,937,940,949,956,959,973,995,
501
520,582,600,634,664,689,727,739,740,789,790,791,808,818,886,887,931,984,993,
502
506,518,558,563,570,571,592,594,602,605,650,669,694,718,722,743,786,799,819,825,906,920,
503
505,576,655,714,723,748,751,767,834,837,848,862,924,977,983,
504
539,582,584,616,639,659,664,689,700,737,749,789,808,818,822,836,872,887,948,957,964,965,966,987,993,
505
503,536,538,561,567,576,591,615,662,723,748,751,802,883,890,896,924,977,978,983,
506
502,518,558,563,570,571,592,594,602,605,650,669,694,718,722,743,786,799,819,825,902,906,920,
507
566,572,578,596,626,638,686,688,693,701,728,735,742,758,762,779,785,787,796,801,852,876,910,917,925,951,961,980,988,
508
516,559,560,588,596,604,631,675,691,693,701,710,724,725,742,758,792,800,892,918,942,
509
521,528,542,547,617,665,667,676,679,681,699,729,774,809,839,869,897,922,928,941,955,999,
510
530,581,623,637,652,654,687,707,752,823,859,933,943,947,982,
511
519,523,565,627,638,681,839,841,923,939,951,963,975,988,
512
527,608,620,636,657,673,692,703,777,784,814,838,885,914,
513
518,655,669,722,825,831,837,862,986,
514
589,622,835,871,907,935,
515
530,534,535,580,606,623,660,666,698,705,707,752,756,778,810,846,847,926,929,943,947,982,
516
508,559,560,588,604,631,675,691,710,724,725,766,800,853,892,918,942,
517
525,548,563,571,577,592,644,718,741,771,783,793,824,851,854,858,880,902,958,967,
518
502,506,513,558,570,605,650,655,669,722,786,799,825,831,862,906,986,
519
511,523,565,626,627,638,779,841,917,923,939,951,963,980,988,
520
501,539,582,600,634,653,664,689,726,727,739,740,789,790,791,808,818,886,887,931,938,946,965,971,984,993,
521
509,547,549,598,642,670,676,679,699,709,729,807,809,829,855,888,897,927,941,955,968,
522
657,673,674,692,703,730,747,775,814,830,838,864,884,885,914,945,952,969,981,
523
511,519,565,578,626,627,638,658,681,686,688,776,779,796,841,917,923,925,928,932,939,951,975,980,985,988,992,
524
550,625,678,680,683,761,763,811,842,849,866,867,868,893,904,972,
525
517,548,563,571,577,592,594,644,694,718,741,743,793,819,824,858,880,902,958,967,
526
557,586,597,607,613,645,648,651,656,661,677,682,713,721,757,764,843,856,870,879,891,894,905,915,950,953,954,970,
527
512,636,777,838,885,
528
509,542,617,665,667,679,681,699,774,776,869,897,922,928,941,955,975,999,
529
533,553,555,590,632,635,678,683,696,715,720,755,763,780,803,806,811,816,842,849,893,913,979,
530
510,515,580,581,623,637,652,654,660,666,687,705,707,752,846,859,926,933,943,947,982,
531
535,562,577,614,644,702,719,738,771,804,827,851,854,
532
603,633,672,695,708,770,794,795,805,875,936,976,
533
529,552,553,590,612,632,635,690,696,711,715,755,769,780,806,816,913,916,979,
534
515,535,580,606,660,666,698,702,705,707,719,738,756,778,788,810,846,847,926,929,943,947,
535
515,531,534,562,606,614,660,666,698,702,705,719,738,756,778,788,804,810,827,846,847,929,
536
505,538,561,567,576,591,615,640,662,723,748,751,802,850,882,883,890,896,903,924,977,978,983,
537
500,546,552,612,649,690,711,712,734,745,813,832,860,865,889,895,899,900,916,919,937,949,959,973,995,
538
505,536,561,567,576,615,640,662,751,802,882,883,890,924,977,978,983,
539
504,520,582,600,653,664,689,700,727,740,749,789,790,791,808,818,822,836,872,873,887,938,946,965,971,993,
540
608,620,636,640,777,850,882,890,896,903,921,
541
544,545,568,575,579,587,595,601,619,629,684,730,736,753,754,759,768,772,797,826,830,857,863,884,911,912,930,945,952,962,969,981,989,
542
509,528,565,617,627,665,667,679,681,774,776,839,841,844,869,922,928,932,939,955,963,975,999,
543
500,585,642,649,709,712,732,745,765,807,813,829,865,888,889,899,900,927,937,940,968,
544
541,545,568,575,579,587,595,601,619,629,647,684,706,730,736,753,754,759,768,772,797,826,830,857,863,878,898,901,911,912,930,945,962,981,989,
545
541,544,568,579,587,595,601,619,629,674,730,736,754,759,772,826,830,857,863,864,884,898,911,912,945,962,969,981,989,
546
500,537,649,712,734,745,813,832,860,865,889,895,899,900,916,919,937,940,949,959,973,995,
547
509,521,549,598,642,676,699,709,729,809,829,855,888,897,927,941,968,
548
517,525,563,571,577,592,594,644,718,741,743,793,824,858,880,902,958,967,
549
521,547,598,642,649,709,729,807,809,829,855,888,897,927,941,956,968,
550
524,554,556,573,618,625,630,680,704,750,761,821,866,867,868,874,881,893,904,972,990,
551
569,597,651,682,713,726,733,739,764,861,870,879,891,905,950,953,954,960,970,984,
552
533,537,553,590,612,632,690,696,711,715,734,769,780,806,816,860,895,913,916,949,959,995,
553
529,533,552,590,612,632,635,690,696,715,755,769,780,806,816,913,916,979,
554
550,556,573,583,584,593,616,618,628,630,639,659,668,685,731,812,817,820,821,866,868,872,874,877,957,964,987,990,
555
529,635,678,680,683,715,720,755,763,803,811,842,849,881,893,904,979,
556
550,554,573,583,618,625,628,630,668,680,750,761,817,821,866,867,868,874,877,972,990,
557
526,586,607,613,643,645,648,651,656,661,677,721,757,764,843,856,870,891,894,905,915,954,970,
558
502,506,518,563,570,571,594,602,605,650,669,694,722,743,786,799,819,825,906,920,
559
508,516,560,566,588,596,604,631,675,691,693,701,710,717,724,742,758,792,800,892,918,942,
560
508,516,559,604,631,663,675,691,725,766,800,853,892,
561
505,536,538,567,576,591,615,662,723,748,751,802,850,882,883,890,896,903,924,977,978,983,
562
531,535,614,702,719,738,756,771,778,788,804,827,851,929,
563
502,506,517,525,548,558,571,577,592,594,602,605,694,718,741,743,786,793,819,824,858,902,920,958,967,
564
631,663,697,710,760,766,853,
565
511,519,523,542,617,627,638,658,665,667,681,774,776,841,869,922,923,928,932,939,951,963,975,985,
566
507,559,572,588,596,604,693,701,728,735,742,758,762,785,787,792,796,800,801,852,876,892,910,918,942,961,
567
505,536,538,561,591,615,640,662,751,802,850,882,883,890,896,903,977,978,
568
541,544,545,575,579,587,595,601,619,629,647,674,730,736,753,754,759,768,772,797,826,830,857,863,884,898,911,912,930,945,952,962,969,981,989,
569
551,597,713,726,733,739,861,870,879,905,950,953,960,970,984,
570
502,506,518,558,571,594,602,605,650,669,694,722,743,786,799,819,825,906,920,
571
502,506,517,525,548,558,563,570,592,594,602,605,650,694,718,741,743,786,799,819,824,858,902,906,920,958,967,
572
507,566,578,596,626,686,688,735,762,779,785,787,796,801,852,876,910,917,925,951,961,980,
573
550,554,556,583,593,618,625,628,630,668,731,750,761,817,821,866,867,868,874,877,972,990,
574
624,641,746,781,782,815,833,840,909,991,997,
575
541,544,568,587,595,610,629,647,684,706,736,753,754,759,768,772,797,815,857,863,878,901,911,912,930,962,989,
576
503,505,536,538,561,615,714,723,748,751,767,802,837,848,862,883,924,977,983,
577
517,525,531,548,563,592,614,644,718,741,771,783,793,824,851,854,858,880,902,958,967,
578
507,523,572,626,627,638,686,688,735,762,779,785,787,796,801,852,876,910,917,925,951,961,980,985,988,992,
579
541,544,545,568,587,595,601,619,674,730,736,826,830,884,898,911,945,952,962,969,981,989,
580
515,530,534,606,623,660,666,687,698,705,707,788,810,846,926,929,943,947,982,
581
510,530,621,623,637,652,654,687,752,773,823,859,933,943,947,982,
582
501,504,520,539,600,616,634,639,659,664,689,700,727,737,740,749,789,790,791,808,818,822,836,872,873,886,887,946,948,965,966,971,993,
583
554,556,573,584,593,616,618,628,630,639,659,668,685,731,812,817,820,821,836,866,872,873,874,877,957,964,987,990,
584
504,554,583,593,616,628,630,639,659,668,685,700,731,737,749,789,812,817,820,821,822,836,872,873,874,877,948,957,964,965,966,987,
585
543,598,642,649,709,765,807,813,829,855,865,888,900,927,940,968,
586
526,557,645,648,651,656,661,677,713,721,733,757,764,870,879,891,894,905,950,954,970,
587
541,544,545,568,575,579,595,601,619,629,647,684,706,730,736,753,754,759,768,772,797,826,830,857,863,878,898,901,911,912,930,945,962,981,989,
588
508,516,559,566,596,604,631,691,693,710,724,742,758,792,800,892,918,942,
589
514,622,643,795,828,835,871,907,935,996,998,
590
529,533,552,553,612,632,635,678,690,696,715,755,769,780,803,806,816,842,913,979,
591
505,536,561,567,615,662,802,883,890,896,903,921,924,977,978,
592
502,506,517,525,548,563,571,577,594,602,605,694,718,741,743,793,819,824,858,902,920,958,
593
554,573,583,584,616,628,630,639,659,668,685,700,731,749,812,817,836,872,873,874,877,957,964,
594
502,506,525,548,558,563,570,571,592,602,605,694,718,741,743,786,799,819,858,902,906,920,958,967,
595
541,544,545,568,575,579,587,601,619,629,647,674,684,706,730,736,753,754,759,768,772,797,826,830,857,863,878,898,901,911,912,930,945,962,981,989,
596
507,508,559,566,572,588,604,675,688,691,693,701,717,724,728,735,742,758,762,785,787,792,796,800,852,876,892,910,917,918,942,961,
597
526,551,569,645,648,651,682,713,764,870,879,891,894,905,950,953,954,960,970,
598
521,547,549,585,642,649,709,765,807,809,829,855,888,900,927,956,968,
599
603,609,646,671,672,744,773,794,798,823,875,908,934,936,944,994,
600
501,520,539,582,634,653,664,689,700,726,727,739,740,749,789,790,791,808,818,886,887,931,938,946,965,971,993,
601
541,544,545,568,579,587,595,619,629,674,730,736,754,759,768,772,826,830,857,863,884,898,911,945,952,962,969,981,989,
602
502,506,558,563,570,571,592,594,605,650,694,718,741,743,786,799,819,825,902,906,920,
603
532,599,609,633,671,672,695,708,744,794,798,875,908,934,936,976,
604
508,516,559,560,566,588,596,631,675,691,693,710,717,724,728,742,758,792,800,892,918,942,
605
502,506,518,558,563,570,571,592,594,602,650,669,694,718,722,743,786,799,819,825,902,906,920,
606
515,534,535,580,660,666,698,705,707,756,778,788,810,846,926,929,947,
607
526,557,613,622,643,645,648,651,656,661,677,721,757,764,835,843,856,891,894,915,935,954,970,996,
608
512,540,620,636,640,777,850,882,890,896,903,921,
609
599,603,621,646,671,672,744,773,794,798,823,908,934,936,944,994,
610
575,624,641,647,684,706,746,753,768,781,815,857,863,878,901,930,
611
716,760,840,845,909,974,991,997,
612
533,537,552,553,590,632,690,696,711,715,769,780,806,816,860,913,916,949,995,
613
526,557,607,622,643,645,648,651,656,661,677,721,757,764,828,835,843,856,891,894,915,935,954,996,998,
614
531,535,562,577,644,702,719,738,756,771,783,804,827,851,854,
615
505,536,538,561,567,576,591,640,662,751,802,850,882,883,890,896,903,921,924,977,978,983,
616
504,554,582,583,584,593,628,630,639,659,668,685,700,731,737,749,789,808,812,817,820,822,836,872,873,877,887,948,957,964,965,966,987,
617
509,528,542,565,665,667,676,679,681,699,729,774,776,839,841,844,869,897,922,928,939,941,955,963,975,999,
618
550,554,556,573,583,625,628,630,668,750,761,817,821,866,867,868,874,877,972,990,
619
541,544,545,568,579,587,595,601,674,730,736,754,772,826,830,863,884,898,911,945,962,969,981,989,
620
512,540,608,636,657,673,777,784,838,885,921,
621
581,609,637,773,823,859,908,933,934,
622
514,589,607,613,643,828,835,843,856,871,907,935,996,998,
623
510,515,530,580,581,652,654,660,666,687,705,707,752,846,926,933,943,947,982,
624
574,610,641,746,781,782,815,833,840,991,997,
625
524,550,556,573,618,680,683,704,750,761,763,811,849,866,867,868,881,893,904,972,
626
507,519,523,572,578,627,638,658,686,688,735,762,779,785,787,796,801,852,876,910,917,923,925,951,961,980,985,988,992,
627
511,519,523,542,565,578,626,638,658,665,681,776,841,923,928,932,939,951,963,975,980,985,988,992,
628
554,556,573,583,584,593,616,618,630,639,659,668,685,731,812,817,820,821,822,836,872,874,877,948,957,964,966,987,990,
629
541,544,545,568,575,587,595,601,684,736,753,754,759,768,772,826,830,857,863,878,911,912,930,962,981,989,
630
550,554,556,573,583,584,593,616,618,628,659,668,685,731,812,817,821,866,868,874,877,957,964,987,990,
631
508,516,559,560,564,588,604,675,691,693,697,710,724,725,766,792,800,853,892,918,942,
632
529,533,552,553,590,612,635,690,696,711,715,755,769,780,803,806,816,842,913,916,979,
633
532,603,671,672,695,708,744,794,795,805,875,936,976,
634
501,520,582,600,653,664,689,727,791,808,818,886,887,931,993,
635
529,533,553,555,590,632,678,683,696,715,720,755,763,780,803,806,811,816,842,849,893,904,913,979,
636
512,527,540,608,620,640,777,838,850,882,885,903,
637
510,530,581,621,652,687,773,823,859,908,933,934,
638
507,511,519,523,565,578,626,627,658,686,688,762,779,785,796,801,841,852,910,917,923,925,932,939,951,980,985,988,992,
639
504,554,582,583,584,593,616,628,659,668,685,700,731,737,749,789,808,812,817,820,822,836,872,873,877,887,948,957,964,965,966,971,987,
640
536,538,540,567,608,615,636,662,777,850,882,883,890,903,921,
641
574,610,624,647,706,746,781,782,815,833,878,901,930,
642
521,543,547,549,585,598,649,709,765,807,809,829,855,888,900,927,940,956,968,
643
557,589,607,613,622,656,661,677,721,757,828,835,843,856,871,915,935,996,998,
644
517,525,531,548,577,614,702,741,771,783,793,824,851,854,858,880,958,967,
645
526,557,586,597,607,613,648,651,661,677,682,713,721,757,764,843,856,891,894,915,953,954,970,
646
599,609,654,773,798,823,933,934,994,
647
544,568,575,587,595,610,641,684,706,736,753,754,768,772,797,815,826,857,863,878,898,901,912,930,962,
648
526,557,586,597,607,613,645,651,656,661,677,682,713,721,757,764,843,856,870,879,891,894,905,915,950,954,970,
649
500,537,543,546,549,585,598,642,712,732,734,745,765,807,813,829,832,865,889,899,900,919,927,937,940,949,956,959,968,973,
650
502,506,518,558,570,571,602,605,669,722,743,786,799,819,825,906,920,986,
651
526,551,557,586,597,607,613,645,648,656,661,677,682,713,721,764,843,870,891,894,905,915,950,953,954,970,
652
510,530,581,623,637,654,687,707,752,773,823,859,933,943,947,982,
653
520,539,600,634,727,739,790,791,818,886,887,938,946,971,993,
654
510,530,581,623,646,652,752,859,933,947,982,994,
655
503,513,518,669,722,723,767,825,831,834,837,848,862,986,
656
526,557,586,607,613,643,648,651,661,677,721,757,764,870,891,894,915,954,
657
512,522,620,673,692,703,747,775,784,814,838,864,884,885,914,
658
523,565,626,627,638,665,681,776,923,928,932,939,951,975,985,992,
659
504,554,582,583,584,593,616,628,630,639,668,685,700,731,737,749,789,808,812,817,820,822,836,872,873,874,877,887,948,957,964,965,966,987,
660
515,530,534,535,580,606,623,666,687,698,705,707,752,756,778,788,810,846,847,926,929,943,947,982,
661
526,557,586,607,613,643,645,648,651,656,677,721,757,764,843,856,870,891,894,905,915,935,954,970,
662
505,536,538,561,567,591,615,640,751,802,850,882,883,890,896,903,921,924,977,978,
663
560,564,697,716,725,760,766,853,
664
501,504,520,539,582,600,634,689,700,727,737,789,790,791,808,818,886,887,931,965,993,
665
509,528,542,565,617,627,658,667,679,681,774,776,839,841,844,869,922,928,932,939,955,963,975,999,
666
515,530,534,535,580,606,623,660,698,705,707,738,756,778,788,810,846,847,926,929,943,947,982,
667
509,528,542,565,617,665,676,679,681,699,729,774,776,839,841,844,869,922,928,939,941,955,963,975,999,
668
554,556,573,583,584,593,616,618,628,630,639,659,685,700,731,749,812,817,820,821,822,836,872,873,874,877,948,957,964,966,987,990,
669
502,506,513,518,558,570,605,650,655,722,786,799,825,831,834,848,862,906,986,
670
521,676,699,709,729,807,809,888,941,955,
671
599,603,609,633,672,695,744,794,798,875,908,936,944,976,
672
532,599,603,609,633,671,695,708,744,794,795,798,805,875,936,944,976,
673
512,522,620,657,692,703,747,775,777,784,814,838,885,914,
674
522,545,568,579,595,601,619,730,747,826,830,864,884,898,911,945,952,962,969,981,989,
675
508,516,559,560,596,604,631,691,693,701,724,742,758,800,892,918,942,
676
509,521,547,617,667,670,679,699,709,729,774,807,809,839,888,897,922,941,955,968,
677
526,557,586,607,613,643,645,648,651,656,661,721,757,764,870,891,894,905,915,954,970,
678
524,529,555,590,635,680,683,715,720,755,763,780,803,811,842,849,893,904,
679
509,521,528,542,617,665,667,676,681,699,729,774,776,839,841,844,869,897,922,928,939,941,955,963,975,999,
680
524,550,555,556,625,678,683,704,720,750,763,811,849,866,867,868,881,893,904,972,
681
509,511,523,528,542,565,617,627,658,665,667,679,774,776,839,841,844,869,922,928,932,939,955,963,975,999,
682
526,551,597,645,648,651,713,764,870,879,891,894,905,950,953,954,960,970,
683
524,529,555,625,635,678,680,704,720,763,803,811,842,849,867,881,893,904,972,
684
541,544,575,587,595,610,629,647,706,736,753,754,759,768,772,857,863,878,901,912,930,962,
685
554,583,584,593,616,628,630,639,659,668,700,731,737,749,812,817,820,836,872,873,874,877,887,957,964,965,966,987,990,
686
507,523,572,578,626,638,688,728,735,762,779,785,787,796,801,852,876,910,917,923,925,951,961,980,985,992,
687
510,530,580,581,623,637,652,660,705,707,752,859,926,933,943,947,982,
688
507,523,572,578,596,626,638,686,717,728,735,762,779,785,787,796,801,852,876,910,917,923,925,951,961,980,988,992,
689
501,504,520,539,582,600,634,664,727,737,740,789,790,791,808,818,886,887,931,965,993,
690
533,537,552,553,590,612,632,696,711,715,734,769,780,806,816,860,895,913,916,949,995,
691
508,516,559,560,588,596,604,631,675,693,701,710,724,742,758,792,800,892,918,942,
692
512,522,657,673,703,747,775,784,814,838,864,884,885,914,952,969,
693
507,508,559,566,588,596,604,631,675,691,701,710,717,724,728,735,742,758,762,785,787,792,800,852,876,892,910,918,942,961,
694
502,506,525,558,563,570,571,592,594,602,605,718,741,743,786,799,819,824,858,902,906,920,958,967,
695
532,603,633,671,672,708,744,770,794,795,805,875,907,936,976,
696
529,533,552,553,590,612,632,635,690,711,715,755,769,780,806,816,842,913,916,
697
564,631,663,725,760,766,853,
698
515,534,535,580,606,660,666,705,707,756,778,788,810,846,847,926,929,947,982,
699
509,521,528,547,617,667,670,676,679,729,774,809,869,897,922,941,955,
700
504,539,582,584,593,600,616,639,659,664,668,685,731,737,749,789,808,812,818,820,822,836,872,873,887,946,948,957,964,965,966,971,987,993,
701
507,508,559,566,596,675,691,693,728,735,742,758,762,785,787,792,796,800,852,876,910,918,942,961,
702
531,534,535,562,614,644,719,738,756,771,783,851,854,
703
512,522,657,673,692,747,775,784,814,838,864,885,914,
704
550,625,680,683,720,750,849,867,868,881,893,904,972,
705
515,530,534,535,580,606,623,660,666,687,698,707,752,756,788,810,846,926,929,943,947,982,
706
544,575,587,595,610,641,647,684,736,753,754,768,772,797,815,857,863,878,901,912,930,
707
510,515,530,534,580,606,623,652,660,666,687,698,705,752,778,810,846,847,926,929,943,947,982,
708
532,603,633,672,695,744,770,794,795,798,805,936,976,
709
521,543,547,549,585,598,642,670,676,729,765,807,809,829,855,888,927,940,968,
710
508,516,559,564,588,604,631,691,693,717,724,792,892,918,942,
711
500,533,537,552,612,632,690,696,734,769,832,860,899,913,916,919,937,949,959,973,995,
712
500,537,543,546,649,732,734,745,813,832,860,865,889,895,899,900,916,919,937,940,949,959,973,995,
713
526,551,569,586,597,645,648,651,682,733,764,861,870,879,891,894,905,950,953,954,960,970,
714
503,576,723,748,767,834,837,848,924,977,983,
715
529,533,552,553,555,590,612,632,635,678,690,696,755,769,780,803,806,811,816,842,913,979,
716
611,663,760,766,845,853,
717
559,596,604,688,693,710,724,728,735,742,758,762,787,792,892,910,918,942,961,
718
502,506,517,525,548,563,571,577,592,594,602,605,694,741,743,793,819,824,858,880,902,920,958,967,
719
531,534,535,562,614,702,738,756,771,788,804,810,827,851,854,
720
529,555,635,678,680,683,704,755,763,803,811,849,881,893,904,979,
721
526,557,586,607,613,643,645,648,651,656,661,677,757,764,843,856,870,891,894,915,935,954,970,
722
502,506,513,518,558,570,605,650,655,669,799,825,906,986,
723
503,505,536,561,576,655,714,748,767,802,834,837,848,862,924,977,983,
724
508,516,559,588,596,604,631,675,691,693,710,717,728,742,792,800,892,918,942,
725
508,516,560,631,663,697,760,766,853,
726
520,551,569,600,739,740,790,791,861,931,938,960,984,
727
501,520,539,582,600,634,653,664,689,739,740,789,790,791,808,818,886,887,931,938,946,965,971,984,993,
728
507,566,596,604,686,688,693,701,717,724,735,742,758,762,785,787,792,796,852,876,892,910,917,918,942,961,
729
509,521,547,549,617,667,670,676,679,699,709,774,807,809,888,897,922,941,955,968,999,
730
522,541,544,545,568,579,587,595,601,619,674,736,747,759,826,830,864,884,898,911,945,952,962,969,981,989,
731
554,573,583,584,593,616,628,630,639,659,668,685,700,749,812,817,820,836,872,873,874,877,957,964,
732
500,543,649,712,734,745,865,889,895,899,900,919,937,949,956,959,973,
733
551,569,586,713,739,764,861,870,879,891,905,950,960,970,984,
734
500,537,546,552,649,690,711,712,732,745,813,832,860,865,889,895,899,900,916,919,937,949,959,973,995,
735
507,566,572,578,596,626,686,688,693,701,717,728,742,758,762,779,785,787,792,796,801,852,876,910,917,925,942,961,980,
736
541,544,545,568,575,579,587,595,601,619,629,647,684,706,730,753,754,759,768,772,797,826,830,857,863,878,898,901,911,912,930,945,962,981,989,
737
504,582,584,616,639,659,664,685,689,700,749,789,808,818,822,836,872,873,887,948,957,964,965,966,987,993,
738
531,534,535,562,614,666,702,719,756,771,778,783,788,804,810,827,851,854,929,
739
501,520,551,569,600,653,726,727,733,790,791,818,861,886,931,938,960,984,993,
740
501,520,539,582,600,689,726,727,789,790,791,818,887,931,938,946,965,971,993,
741
517,525,548,563,571,577,592,594,602,644,694,718,743,793,819,824,858,902,920,958,967,
742
507,508,559,566,588,596,604,675,691,693,701,717,724,728,735,758,762,785,787,792,796,800,852,876,892,910,918,942,961,
743
502,506,525,548,558,563,570,571,592,594,602,605,650,694,718,741,819,858,902,920,958,967,
744
599,603,609,633,671,672,695,708,794,798,875,908,934,936,944,976,
745
500,537,543,546,649,712,732,734,813,832,860,865,889,895,899,900,919,937,940,949,959,973,995,
746
574,610,624,641,781,782,815,833,840,909,991,997,
747
522,657,673,674,692,703,730,775,784,814,830,838,864,884,885,914,945,952,969,981,
748
503,505,536,561,576,714,723,751,767,802,837,848,862,883,924,977,983,
749
504,539,582,584,593,600,616,639,659,668,685,700,731,737,789,808,812,817,818,820,822,836,872,873,887,946,948,957,964,965,966,971,993,
750
550,556,573,618,625,680,704,761,763,866,867,868,881,893,904,972,990,
751
503,505,536,538,561,567,576,615,662,748,802,883,924,977,978,983,
752
510,515,530,581,623,652,654,660,687,705,707,926,933,943,947,982,
753
541,544,568,575,587,595,610,629,647,684,706,736,754,759,768,772,797,815,857,863,878,901,912,930,962,
754
541,544,545,568,575,587,595,601,619,629,647,684,706,736,753,759,768,772,797,826,830,857,863,878,898,901,911,912,930,945,962,981,989,
755
529,533,553,555,590,632,635,678,696,715,720,763,769,780,803,806,811,816,842,913,979,
756
515,534,535,562,606,614,660,666,698,702,705,719,738,778,788,804,810,827,846,847,929,
757
526,557,586,607,613,643,645,648,656,661,677,721,764,856,915,935,
758
507,508,559,566,588,596,604,675,691,693,701,717,728,735,742,762,785,787,792,800,852,876,892,910,918,942,961,
759
541,544,545,568,575,587,595,601,629,684,730,736,753,754,768,772,797,826,830,857,863,911,912,945,952,962,969,981,989,
760
564,611,663,697,716,725,766,845,853,909,974,
761
524,550,556,573,618,625,750,866,867,868,874,881,893,904,972,990,
762
507,566,572,578,596,626,638,686,688,693,701,717,728,735,742,758,779,785,787,792,796,801,852,876,910,917,925,951,961,980,992,
763
524,529,555,625,635,678,680,683,720,750,755,803,811,842,849,867,881,893,904,972,979,
764
526,551,557,586,597,607,613,645,648,651,656,661,677,682,713,721,733,757,870,879,891,894,905,915,950,953,954,970,
765
543,585,598,642,649,709,807,829,865,888,900,927,940,968,
766
516,560,564,631,663,697,716,725,760,853,
767
503,576,655,714,723,748,834,837,848,862,924,983,
768
541,544,568,575,587,595,601,610,629,647,684,706,736,753,754,759,772,797,815,826,830,857,863,878,901,911,912,930,962,989,
769
533,552,553,590,612,632,690,696,711,715,755,780,806,816,860,913,916,949,995,
770
532,695,708,794,795,805,936,976,
771
517,531,562,577,614,644,702,719,738,783,793,804,824,827,851,854,858,880,958,
772
541,544,545,568,575,587,595,601,619,629,647,684,706,736,753,754,759,768,797,826,830,857,863,878,898,901,911,912,930,945,962,981,989,
773
581,599,609,621,637,646,652,798,823,859,908,933,934,994,
774
509,528,542,565,617,665,667,676,679,681,699,729,839,841,844,869,922,928,939,941,955,963,975,999,
775
522,657,673,692,703,747,784,814,838,884,885,914,952,969,
776
523,528,542,565,617,627,658,665,667,679,681,841,922,923,928,932,939,975,985,999,
777
512,527,540,608,620,636,640,673,838,850,882,885,903,921,
778
515,534,535,562,606,660,666,698,707,738,756,788,804,810,827,846,847,926,929,
779
507,519,523,572,578,626,638,686,688,735,762,785,787,796,801,852,876,910,917,923,925,951,961,980,988,992,
780
529,533,552,553,590,612,632,635,678,690,696,715,755,769,803,806,816,842,913,979,
781
574,610,624,641,746,782,815,833,840,991,997,
782
574,624,641,746,781,833,840,845,909,991,997,
783
517,577,614,644,702,738,771,824,854,
784
512,620,657,673,692,703,747,775,814,838,885,
785
507,566,572,578,596,626,638,686,688,693,701,728,735,742,758,762,779,787,792,796,801,852,876,910,917,925,951,961,980,988,992,
786
502,506,518,558,563,570,571,594,602,605,650,669,694,799,819,825,906,920,
787
507,566,572,578,596,626,686,688,693,701,717,728,735,742,758,762,779,785,792,796,801,852,876,910,917,925,942,961,980,988,
788
534,535,562,580,606,660,666,698,705,719,738,756,778,810,846,929,
789
501,504,520,539,582,584,600,616,639,659,664,689,700,727,737,740,749,790,791,808,812,818,820,822,836,872,873,887,946,948,957,964,965,966,971,987,993,
790
501,520,539,582,600,653,664,689,726,727,739,740,789,791,818,886,887,931,938,946,965,971,993,
791
501,520,539,582,600,634,653,664,689,726,727,739,740,789,790,818,886,887,931,938,946,965,971,984,993,
792
508,559,566,588,596,604,631,691,693,701,710,717,724,728,735,742,758,762,785,787,800,852,876,892,910,918,942,961,
793
517,525,548,563,577,592,644,718,741,771,824,851,854,858,880,958,
794
532,599,603,609,633,671,672,695,708,744,770,798,875,936,944,976,
795
532,589,633,672,695,708,770,805,871,875,907,936,976,
796
507,523,566,572,578,596,626,638,686,688,701,728,735,742,762,779,785,787,801,852,876,910,917,925,951,961,980,988,992,
797
541,544,568,575,587,595,647,706,736,753,754,759,768,772,815,826,857,863,878,901,911,930,962,
798
599,603,609,646,671,672,708,744,773,794,908,934,936,944,976,994,
799
502,506,518,558,570,571,594,602,605,650,669,694,722,786,819,825,906,920,986,
800
508,516,559,560,566,588,596,604,631,675,691,693,701,724,742,758,792,892,918,942,
801
507,566,572,578,626,638,686,688,735,762,779,785,787,796,852,876,910,917,925,951,961,980,992,
802
505,536,538,561,567,576,591,615,662,723,748,751,850,882,883,890,896,903,924,977,978,983,
803
529,555,590,632,635,678,683,715,720,755,763,780,811,842,849,893,904,979,
804
531,535,562,614,719,738,756,771,778,827,851,
805
532,633,672,695,708,770,795,871,875,907,936,976,
806
529,533,552,553,590,612,632,635,690,696,715,755,769,780,816,913,916,979,
807
521,543,549,585,598,642,649,670,676,709,729,765,809,829,855,888,927,940,956,968,
808
501,504,520,539,582,600,616,634,639,659,664,689,700,727,737,749,789,818,836,872,873,887,964,965,966,971,993,
809
509,521,547,549,598,642,670,676,699,709,729,807,829,855,888,897,927,941,955,968,
810
515,534,535,580,606,660,666,698,705,707,719,738,756,778,788,846,847,926,929,
811
524,529,555,625,635,678,680,683,715,720,755,763,803,842,849,881,893,904,979,
812
554,583,584,593,616,628,630,639,659,668,685,700,731,749,789,817,820,821,822,836,872,873,874,877,948,957,964,965,966,987,
813
500,537,543,546,585,649,712,734,745,832,865,889,899,900,919,937,940,949,959,973,
814
512,522,657,673,692,703,747,775,784,838,864,884,885,914,969,
815
574,575,610,624,641,647,706,746,753,768,781,797,857,863,878,901,930,
816
529,533,552,553,590,612,632,635,690,696,715,755,769,780,806,913,916,979,
817
554,556,573,583,584,593,616,618,628,630,639,659,668,685,731,749,812,820,821,836,866,872,873,874,877,957,964,
818
501,504,520,539,582,600,634,653,664,689,700,727,737,739,740,749,789,790,791,808,886,887,931,938,946,965,971,993,
819
502,506,525,558,563,570,571,592,594,602,605,650,694,718,741,743,786,799,902,906,920,
820
554,583,584,616,628,639,659,668,685,700,731,749,789,812,817,822,836,872,873,874,877,948,957,964,965,966,987,
821
550,554,556,573,583,584,618,628,630,668,812,817,866,868,874,877,957,964,987,990,
822
504,539,582,584,616,628,639,659,668,700,737,749,789,812,820,836,872,877,887,948,957,964,965,966,987,
823
510,581,599,609,621,637,646,652,773,859,908,933,934,994,
824
517,525,548,563,571,577,592,644,694,718,741,771,783,793,851,854,858,880,902,958,967,
825
502,506,513,518,558,570,602,605,650,655,669,722,786,799,831,906,920,986,
826
541,544,545,568,579,587,595,601,619,629,647,674,730,736,754,759,768,772,797,830,857,863,898,901,911,930,945,962,969,981,989,
827
531,535,562,614,719,738,756,771,778,804,851,
828
589,613,622,643,835,843,856,871,907,935,996,998,
829
521,543,547,549,585,598,642,649,709,765,807,809,855,888,900,927,940,956,968,
830
522,541,544,545,568,579,587,595,601,619,629,674,730,736,747,754,759,768,772,826,857,863,884,898,911,912,945,952,962,969,981,989,
831
513,518,655,669,825,837,848,862,986,
832
500,537,546,649,711,712,734,745,813,860,865,889,899,900,916,919,937,949,959,973,995,
833
574,624,641,746,781,782,840,909,997,
834
503,655,669,714,723,767,837,848,862,983,986,
835
514,589,607,613,622,643,828,843,856,871,907,935,996,998,
836
504,539,582,583,584,593,616,628,639,659,668,685,700,731,737,749,789,808,812,817,820,822,872,873,877,887,948,957,964,965,966,971,987,
837
503,513,576,655,714,723,748,767,831,834,848,862,924,983,986,
838
512,522,527,620,636,657,673,692,703,747,775,777,784,814,885,914,
839
509,511,542,617,665,667,676,679,681,774,841,844,869,922,939,955,963,
840
574,611,624,746,781,782,833,845,909,991,997,
841
511,519,523,542,565,617,627,638,665,667,679,681,774,776,839,844,869,922,923,928,932,939,963,975,
842
524,529,555,590,632,635,678,683,696,715,755,763,780,803,811,849,893,904,913,
843
526,557,607,613,622,643,645,648,651,661,721,828,835,856,915,935,996,998,
844
542,617,665,667,679,681,774,839,841,869,922,939,955,963,975,
845
611,716,760,782,840,909,974,991,997,
846
515,530,534,535,580,606,623,660,666,698,705,707,756,778,788,810,847,926,929,943,947,982,
847
515,534,535,660,666,698,707,756,778,810,846,926,929,947,982,
848
503,576,655,669,714,723,748,767,831,834,837,862,924,983,986,
849
524,529,555,625,635,678,680,683,704,720,763,803,811,842,867,881,893,904,972,
850
536,540,561,567,608,615,636,640,662,777,802,882,883,890,896,903,921,
851
517,531,562,577,614,644,702,719,738,771,793,804,824,827,854,880,
852
507,566,572,578,596,626,638,686,688,693,701,728,735,742,758,762,779,785,787,792,796,801,876,910,917,925,951,961,980,988,992,
853
516,560,564,631,663,697,716,725,760,766,
854
517,531,577,614,644,702,719,738,771,783,793,824,851,858,880,
855
521,547,549,585,598,642,709,807,809,829,888,927,968,
856
526,557,607,613,622,643,645,648,661,721,757,828,835,843,915,935,996,
857
541,544,545,568,575,587,595,601,610,629,647,684,706,736,753,754,759,768,772,797,815,826,830,863,878,898,901,911,912,930,962,981,989,
858
517,525,548,563,571,577,592,594,644,694,718,741,743,771,793,824,854,880,902,958,967,
859
510,530,581,621,637,652,654,687,773,823,933,934,
860
500,537,546,552,612,690,711,712,734,745,769,832,865,889,895,899,916,919,937,949,959,973,995,
861
551,569,713,726,733,739,879,905,950,953,960,984,
862
503,513,518,576,655,669,723,748,767,831,834,837,848,986,
863
541,544,545,568,575,587,595,601,610,619,629,647,684,706,736,753,754,759,768,772,797,815,826,830,857,878,898,901,911,912,930,962,981,989,
864
522,545,657,674,692,703,730,747,814,884,914,945,969,981,
865
500,537,543,546,585,649,712,732,734,745,765,813,832,860,889,895,899,900,919,937,940,949,956,959,973,995,
866
524,550,554,556,573,583,618,625,630,680,750,761,817,821,867,868,874,904,972,990,
867
524,550,556,573,618,625,680,683,704,750,761,763,849,866,868,881,893,904,972,990,
868
524,550,554,556,573,618,625,630,680,704,750,761,821,866,867,874,881,893,904,972,990,
869
509,528,542,565,617,665,667,679,681,699,774,839,841,844,922,939,955,963,975,
870
526,551,557,569,586,597,648,651,656,661,677,682,713,721,733,764,879,891,894,905,950,954,960,970,
871
514,589,622,643,795,805,828,835,907,935,996,998,
872
504,539,554,582,583,584,593,616,628,639,659,668,685,700,731,737,749,789,808,812,817,820,822,836,873,877,887,948,957,964,965,966,971,987,
873
539,582,583,584,593,616,639,659,668,685,700,731,737,749,789,808,812,817,820,836,872,887,957,964,965,966,971,
874
550,554,556,573,583,584,593,618,628,630,659,668,685,731,761,812,817,820,821,866,868,877,957,990,
875
532,599,603,633,671,672,695,744,794,795,805,936,944,976,
876
507,566,572,578,596,626,686,688,693,701,728,735,742,758,762,779,785,787,792,796,801,852,910,917,925,961,980,992,
877
554,556,573,583,584,593,616,618,628,630,639,659,668,685,731,812,817,820,821,822,836,872,874,948,957,964,966,987,990,
878
544,575,587,595,610,629,641,647,684,706,736,753,754,768,772,797,815,857,863,901,912,930,962,
879
526,551,569,586,597,648,682,713,733,764,861,870,891,905,950,953,954,960,970,
880
517,525,548,577,644,718,771,793,824,851,854,858,958,
881
550,555,625,680,683,704,720,750,761,763,811,849,867,868,893,904,972,
882
536,538,540,561,567,608,615,636,640,662,777,802,850,883,890,896,903,921,978,
883
505,536,538,561,567,576,591,615,640,662,748,751,802,850,882,890,896,903,921,924,977,978,983,
884
522,541,545,568,579,601,619,657,674,692,730,747,775,814,830,864,911,914,945,952,969,981,989,
885
512,522,527,620,636,657,673,692,703,747,775,777,784,814,838,914,
886
501,520,582,600,634,653,664,689,727,739,790,791,818,931,984,993,
887
501,504,520,539,582,600,616,634,639,653,659,664,685,689,700,727,737,740,749,789,790,791,808,818,822,836,872,873,946,957,964,965,966,971,993,
888
521,543,547,549,585,598,642,670,676,709,729,765,807,809,829,855,927,940,941,968,
889
500,537,543,546,649,712,732,734,745,813,832,860,865,895,899,900,916,919,937,940,949,959,973,995,
890
505,536,538,540,561,567,591,608,615,640,662,802,850,882,883,896,903,921,977,978,
891
526,551,557,586,597,607,613,645,648,651,656,661,677,682,713,721,733,764,870,879,894,905,915,950,953,954,960,970,
892
508,516,559,560,566,588,596,604,631,675,691,693,710,717,724,728,742,758,792,800,918,942,
893
524,529,550,555,625,635,678,680,683,704,720,750,761,763,803,811,842,849,867,868,881,904,972,
894
526,557,586,597,607,613,645,648,651,656,661,677,682,713,721,764,870,891,905,915,950,954,970,
895
500,537,546,552,690,712,732,734,745,860,865,889,899,900,916,919,937,949,959,973,995,
896
505,536,540,561,567,591,608,615,662,802,850,882,883,890,903,921,977,978,
897
509,521,528,547,549,617,676,679,699,729,809,941,955,968,999,
898
544,545,568,579,587,595,601,619,647,674,730,736,754,772,826,830,857,863,911,930,945,962,981,989,
899
500,537,543,546,649,711,712,732,734,745,813,832,860,865,889,895,900,916,919,937,949,956,959,973,995,
900
500,537,543,546,585,598,642,649,712,732,734,745,765,813,829,832,865,889,895,899,919,927,937,940,949,956,959,968,973,
901
544,575,587,595,610,641,647,684,706,736,753,754,768,772,797,815,826,857,863,878,930,962,
902
506,517,525,548,563,571,577,592,594,602,605,694,718,741,743,819,824,858,920,958,967,
903
536,540,561,567,591,608,615,636,640,662,777,802,850,882,883,890,896,921,978,
904
524,550,555,625,635,678,680,683,704,720,750,761,763,803,811,842,849,866,867,868,881,893,972,
905
526,551,557,569,586,597,648,651,661,677,682,713,733,764,861,870,879,891,894,950,953,954,960,970,
906
502,506,518,558,570,571,594,602,605,650,669,694,722,786,799,819,825,920,986,
907
514,589,622,695,795,805,828,835,871,996,
908
599,603,609,621,637,671,744,773,798,823,934,
909
574,611,746,760,782,833,840,845,974,991,997,
910
507,566,572,578,596,626,638,686,688,693,701,717,728,735,742,758,762,779,785,787,792,796,801,852,876,917,925,951,961,980,988,992,
911
541,544,545,568,575,579,587,595,601,619,629,674,730,736,754,759,768,772,797,826,830,857,863,884,898,912,945,952,962,969,981,989,
912
541,544,545,568,575,587,595,629,647,684,706,736,753,754,759,768,772,830,857,863,878,911,930,962,989,
913
529,533,552,553,590,612,632,635,690,696,711,715,755,769,780,806,816,842,
914
512,522,657,673,692,703,747,775,814,838,864,884,885,952,969,
915
526,557,607,613,643,645,648,651,656,661,677,721,757,764,843,856,891,894,935,954,970,998,
916
500,533,537,546,552,553,612,632,690,696,711,712,734,769,806,816,832,860,889,895,899,919,937,949,959,973,995,
917
507,519,523,572,578,596,626,638,686,688,728,735,762,779,785,787,796,801,852,876,910,923,925,951,961,980,988,992,
918
508,516,559,566,588,596,604,631,675,691,693,701,710,717,724,728,742,758,792,800,892,942,
919
500,537,546,649,711,712,732,734,745,813,832,860,865,889,895,899,900,916,937,949,959,973,995,
920
502,506,558,563,570,571,592,594,602,605,650,694,718,741,743,786,799,819,825,902,906,
921
540,591,608,615,620,640,662,777,850,882,883,890,896,903,
922
509,528,542,565,617,665,667,676,679,681,699,729,774,776,839,841,844,869,928,939,941,955,963,975,999,
923
511,519,523,565,626,627,638,658,686,688,776,779,841,917,928,932,939,951,980,985,988,992,
924
503,505,536,538,561,576,591,615,662,714,723,748,751,767,802,837,848,883,977,978,983,
925
507,523,572,578,626,638,686,688,735,762,779,785,787,796,801,852,876,910,917,951,961,980,985,988,992,
926
515,530,534,580,606,623,660,666,687,698,705,707,752,778,810,846,847,929,943,947,982,
927
521,543,547,549,585,598,642,649,709,765,807,809,829,855,888,900,940,956,968,
928
509,523,528,542,565,617,627,658,665,667,679,681,774,776,841,922,923,932,939,963,975,999,
929
515,534,535,562,580,606,660,666,698,705,707,738,756,778,788,810,846,847,926,947,982,
930
541,544,568,575,587,595,610,629,641,647,684,706,736,753,754,768,772,797,815,826,857,863,878,898,901,912,962,
931
501,520,600,634,664,689,726,727,739,740,790,791,818,886,938,984,993,
932
523,542,565,627,638,658,665,681,776,841,923,928,939,951,975,985,992,
933
510,530,581,621,623,637,646,652,654,687,752,773,823,859,934,
934
599,603,609,621,637,646,744,773,798,823,859,908,933,994,
935
514,589,607,613,622,643,661,721,757,828,835,843,856,871,915,996,998,
936
532,599,603,609,633,671,672,695,708,744,770,794,795,798,805,875,944,976,
937
500,537,543,546,649,711,712,732,734,745,813,832,860,865,889,895,899,900,916,919,940,949,956,959,973,995,
938
520,539,600,653,726,727,739,740,790,791,818,931,946,971,993,
939
511,519,523,542,565,617,627,638,658,665,667,679,681,774,776,839,841,844,869,922,923,928,932,951,963,975,988,
940
500,543,546,585,642,649,709,712,745,765,807,813,829,865,888,889,900,927,937,973,
941
509,521,528,547,549,617,667,670,676,679,699,729,774,809,888,897,922,955,968,999,
942
508,516,559,566,588,596,604,631,675,691,693,701,710,717,724,728,735,742,758,787,792,800,892,918,961,
943
510,515,530,534,580,581,623,652,660,666,687,705,707,752,846,926,947,982,
944
599,609,671,672,744,794,798,875,936,976,
945
522,541,544,545,568,579,587,595,601,619,674,730,736,747,754,759,772,826,830,864,884,898,911,952,962,969,981,989,
946
520,539,582,600,653,700,727,740,749,789,790,791,818,887,938,965,971,993,
947
510,515,530,534,580,581,606,623,652,654,660,666,687,698,705,707,752,846,847,926,929,943,982,
948
504,582,584,616,628,639,659,668,700,737,749,789,812,820,822,836,872,877,957,964,965,966,987,
949
500,537,546,552,612,649,690,711,712,732,734,745,769,813,832,860,865,889,895,899,900,916,919,937,959,973,995,
950
526,551,569,586,597,648,651,682,713,733,764,861,870,879,891,894,905,953,954,960,970,
951
507,511,519,523,565,572,578,626,627,638,658,686,688,762,779,785,796,801,852,910,917,923,925,932,939,980,985,988,992,
952
522,541,568,579,601,674,692,730,747,759,775,830,884,911,914,945,962,969,981,989,
953
526,551,569,597,645,651,682,713,764,861,879,891,905,950,954,960,970,
954
526,551,557,586,597,607,613,645,648,651,656,661,677,682,713,721,764,870,879,891,894,905,915,950,953,960,970,
955
509,521,528,542,617,665,667,670,676,679,681,699,729,774,809,839,844,869,897,922,941,963,999,
956
500,549,598,642,649,732,807,829,865,899,900,927,937,968,
957
504,554,583,584,593,616,628,630,639,659,668,685,700,731,737,749,789,812,817,820,821,822,836,872,873,874,877,887,948,964,965,966,987,
958
517,525,548,563,571,577,592,594,644,694,718,741,743,771,793,824,858,880,902,967,
959
500,537,546,552,649,711,712,732,734,745,813,832,860,865,889,895,899,900,916,919,937,949,973,995,
960
551,569,597,682,713,726,733,739,861,870,879,891,905,950,953,954,970,984,
961
507,566,572,578,596,626,686,688,693,701,717,728,735,742,758,762,779,785,787,792,796,801,852,876,910,917,925,942,980,992,
962
541,544,545,568,575,579,587,595,601,619,629,647,674,684,730,736,753,754,759,768,772,797,826,830,857,863,878,898,901,911,912,930,945,952,969,981,989,
963
511,519,542,565,617,627,665,667,679,681,774,839,841,844,869,922,928,939,955,975,
964
504,554,583,584,593,616,628,630,639,659,668,685,700,731,737,749,789,808,812,817,820,821,822,836,872,873,877,887,948,957,965,966,987,
965
504,520,539,582,584,600,616,639,659,664,685,689,700,727,737,740,749,789,790,791,808,812,818,820,822,836,872,873,887,946,948,957,964,966,971,987,993,
966
504,582,584,616,628,639,659,668,685,700,737,749,789,808,812,820,822,836,872,873,877,887,948,957,964,965,987,
967
517,525,548,563,571,577,594,644,694,718,741,743,824,858,902,958,
968
521,543,547,549,585,598,642,649,676,709,729,765,807,809,829,855,888,897,900,927,941,956,
969
522,541,545,568,579,601,619,674,692,730,747,759,775,814,826,830,864,884,911,914,945,952,962,981,989,
970
526,551,557,569,586,597,607,645,648,651,661,677,682,713,721,733,764,870,879,891,894,905,915,950,953,954,960,
971
520,539,582,600,639,653,700,727,740,749,789,790,791,808,818,836,872,873,887,938,946,965,993,
972
524,550,556,573,618,625,680,683,704,750,761,763,849,866,867,868,881,893,904,990,
973
500,537,546,649,711,712,732,734,745,813,832,860,865,889,895,899,900,916,919,937,940,949,959,995,
974
611,760,845,909,991,997,
975
511,523,528,542,565,617,627,658,665,667,679,681,774,776,841,844,869,922,928,932,939,963,985,
976
532,603,633,671,672,695,708,744,770,794,795,798,805,875,936,944,
977
503,505,536,538,561,567,576,591,615,662,714,723,748,751,802,883,890,896,924,978,983,
978
505,536,538,561,567,591,615,662,751,802,882,883,890,896,903,924,977,983,
979
529,533,553,555,590,632,635,715,720,755,763,780,803,806,811,816,
980
507,519,523,572,578,626,627,638,686,688,735,762,779,785,787,796,801,852,876,910,917,923,925,951,961,988,992,
981
522,541,544,545,568,579,587,595,601,619,629,674,730,736,747,754,759,772,826,830,857,863,864,884,898,911,945,952,962,969,989,
982
510,515,530,580,581,623,652,654,660,666,687,698,705,707,752,846,847,926,929,943,947,
983
503,505,536,538,561,576,615,714,723,748,751,767,802,834,837,848,883,924,977,978,
984
501,520,551,569,726,727,733,739,791,861,886,931,960,
985
523,565,578,626,627,638,658,686,776,923,925,932,951,975,992,
986
513,518,650,655,669,722,799,825,831,834,837,848,862,906,
987
504,554,583,584,616,628,630,639,659,668,685,700,737,789,812,820,821,822,836,872,877,948,957,964,965,966,
988
507,511,519,523,578,626,627,638,688,779,785,787,796,852,910,917,923,925,939,951,980,
989
541,544,545,568,575,579,587,595,601,619,629,674,730,736,754,759,768,772,826,830,857,863,884,898,911,912,945,952,962,969,981,
990
550,554,556,573,583,618,628,630,668,685,750,761,821,866,867,868,874,877,972,
991
574,611,624,746,781,782,840,845,909,974,997,
992
523,578,626,627,638,658,686,688,762,779,785,796,801,852,876,910,917,923,925,932,951,961,980,985,
993
501,504,520,539,582,600,634,653,664,689,700,727,737,739,740,749,789,790,791,808,818,886,887,931,938,946,965,971,
994
599,609,646,654,773,798,823,934,
995
500,537,546,552,612,690,711,712,734,745,769,832,860,865,889,895,899,916,919,937,949,959,973,
996
589,607,613,622,643,828,835,843,856,871,907,935,998,
997
574,611,624,746,781,782,833,840,845,909,974,991,
998
589,613,622,643,828,835,843,871,915,935,996,
999
509,528,542,617,665,667,679,681,729,774,776,897,922,928,941,955,
