index,coordinates,type,distances,cluster
0,-0.452525,-0.890705,0.0230051,1,999,0
1,0.65285,-0.845875,0.0210845,1,999,0
2,0.397904,0.91345,-0.0013908,1,999,0
3,0.095233,1.05499,0.00628025,1,999,0
4,0.52399,-0.941104,0.0377623,1,999,0
5,-0.0262946,1.00439,0.0217916,1,999,0
6,0.424546,0.908192,-0.0285324,1,999,0
7,-0.991431,-0.274878,0.0510885,1,999,0
8,-1.01262,-0.0352555,0.0379796,1,999,0
9,-0.730493,-0.630984,-0.0312168,1,999,0
10,0.879147,0.346115,0.0439425,1,999,0
11,-0.845433,-0.45869,0.0849441,1,999,0
12,-0.385073,0.920895,0.00558477,1,999,0
13,0.240167,0.883652,0.0480393,1,999,0
14,1.03096,-0.260238,0.0727097,1,999,0
15,0.871156,0.501812,-0.0402896,1,999,0
16,-1.01758,-0.0055609,0.0277935,1,999,0
17,0.591927,0.786712,0.0360865,1,999,0
18,0.296894,0.945982,0.00662452,1,999,0
19,-0.831588,-0.403408,0.0541645,1,999,0
20,0.607273,-0.782316,-0.0182249,1,999,0
21,-0.71167,-0.739073,0.0125239,1,999,0
22,-0.537236,0.859284,0.00196889,1,999,0
23,-0.893213,-0.419633,-0.0108159,1,999,0
24,0.0723822,-0.913211,0.0486224,1,999,0
25,0.579431,0.818721,-0.0007589,1,999,0
26,0.866296,-0.4957,0.00595943,1,999,0
27,-0.359517,1.03311,-0.0163078,1,999,0
28,-0.778482,-0.602863,-0.0865145,1,999,0
29,-0.0978664,-0.987829,0.0224062,1,999,0
30,0.886794,0.401357,0.0485641,1,999,0
31,0.754197,0.742431,-0.0178712,1,999,0
32,1.05449,-0.077174,0.0238161,1,999,0
33,-0.205399,-0.956194,-0.0305776,1,999,0
34,0.79707,0.550569,0.0312712,1,999,0
35,0.806644,0.629138,-0.0021966,1,999,0
36,-0.0722066,1.00921,-0.0157249,1,999,0
37,-0.415039,-0.97207,0.0199341,1,999,0
38,-0.0831856,1.08517,0.0359923,1,999,0
39,0.507577,-0.79412,0.0220944,1,999,0
40,-0.238166,0.905729,-0.0305324,1,999,0
41,-0.634439,0.689296,-0.0257716,1,999,0
42,-0.851786,-0.595751,0.00465477,1,999,0
43,-0.573497,-0.891404,0.0684599,1,999,0
44,-0.723252,0.712378,0.0318422,1,999,0
45,-0.67738,0.803786,-0.0052112,1,999,0
46,-0.464171,-0.969358,-0.0344596,1,999,0
47,-0.710878,-0.760701,-0.0682099,1,999,0
48,0.611971,0.845301,-0.0168075,1,999,0
49,-0.580474,-0.745871,-0.0398432,1,999,0
50,0.169919,-0.975382,0.0132484,1,999,0
51,0.768981,-0.622375,-0.0136208,1,999,0
52,-0.292949,-0.979569,0.0171824,1,999,0
53,-0.208604,-1.00147,0.0157996,1,999,0
54,0.299738,-0.964749,0.00309421,1,999,0
55,-0.0316683,-1.04497,0.0108217,1,999,0
56,0.22309,-0.975082,0.0137515,1,999,0
57,0.909978,-0.484376,-0.0155284,1,999,0
58,0.391391,0.884337,-0.0275508,1,999,0
59,-0.99524,-0.056835,0.0361662,1,999,0
60,-1.02555,0.0243888,0.0936955,1,999,0
61,-0.0574365,1.00917,0.00857179,1,999,0
62,0.778781,0.690627,-0.0371231,1,999,0
63,0.515045,0.835865,-0.0268056,1,999,0
64,-0.967572,0.116985,-0.0816102,1,999,0
65,-0.8908,-0.502266,-0.034013,1,999,0
66,-1.05279,-0.177275,-0.0103016,1,999,0
67,-0.117035,1.05905,-0.0430465,1,999,0
68,-0.651907,0.723858,0.0176969,1,999,0
69,0.775739,-0.681051,-0.0009876,1,999,0
70,0.393839,0.938824,-0.024617,1,999,0
71,0.491481,0.868168,0.00246011,1,999,0
72,-1.0298,-0.309908,0.00173572,1,999,0
73,0.224257,-0.939494,-0.031988,1,999,0
74,-0.897043,0.474295,0.0229754,1,999,0
75,-0.738182,0.646326,-0.0471291,1,999,0
76,0.0432641,1.02498,0.00162092,1,999,0
77,0.633208,0.782519,0.00723937,1,999,0
78,-0.987701,-0.334611,-0.0041075,1,999,0
79,-0.626011,0.746164,0.0882138,1,999,0
80,0.928486,0.52117,0.0663648,1,999,0
81,0.928837,0.322532,0.0470351,1,999,0
82,0.549448,-0.87044,0.0104632,1,999,0
83,0.312492,-0.902157,-0.0208701,1,999,0
84,0.37885,-0.93613,0.0296921,1,999,0
85,-0.615313,-0.906324,-0.0177639,1,999,0
86,0.913884,-0.575402,0.0107558,1,999,0
87,-0.730375,0.703429,0.0104884,1,999,0
88,-1.06726,-0.054688,-0.042956,1,999,0
89,0.948968,-0.244581,-0.0001919,1,999,0
90,-0.171397,-0.974468,0.0115475,1,999,0
91,-0.0589864,0.929542,-0.0718201,1,999,0
92,0.499059,0.823649,0.0588549,1,999,0
93,0.355071,-0.894841,-0.0847769,1,999,0
94,0.471023,0.85115,-0.061292,1,999,0
95,-0.701032,0.723847,-0.0347031,1,999,0
96,-0.986525,-0.171276,-0.0009419,1,999,0
97,0.760755,-0.534585,-0.0158275,1,999,0
98,-0.573882,-0.769618,-0.02144,1,999,0
99,0.927066,0.100651,0.0365225,1,999,0
100,0.578869,-0.772128,0.00342795,1,999,0
101,-0.653993,0.763471,0.0444503,1,999,0
102,0.426917,0.836919,-0.0378636,1,999,0
103,1.04126,0.0492525,0.0813431,1,999,0
104,-0.978552,-0.0505186,-0.0090153,1,999,0
105,0.397755,0.886061,-0.0107711,1,999,0
106,0.889999,0.571628,0.0658037,1,999,0
107,0.869281,-0.41943,0.0270405,1,999,0
108,-0.24471,0.925207,-0.0189327,1,999,0
109,0.936101,0.120928,0.004459,1,999,0
110,-0.814859,0.585537,-0.0573582,1,999,0
111,-0.970541,0.292785,-0.0095683,1,999,0
112,-0.282503,-0.998089,-0.0374855,1,999,0
113,0.906538,-0.416698,-0.0003654,1,999,0
114,0.727907,0.682852,-0.0033689,1,999,0
115,-0.0941138,0.988579,-0.0110291,1,999,0
116,0.428384,-0.944579,-0.0344655,1,999,0
117,-0.796219,-0.592412,0.0249398,1,999,0
118,0.213891,-0.974773,-0.0105008,1,999,0
119,-0.663696,0.770752,0.0739218,1,999,0
120,-0.30568,0.857167,0.00342565,1,999,0
121,1.03023,0.223784,0.059348,1,999,0
122,0.896943,-0.280842,0.0528001,1,999,0
123,0.856903,0.392391,0.0507999,1,999,0
124,-0.886531,0.485066,-0.0629902,1,999,0
125,0.116956,-0.990433,0.00447791,1,999,0
126,-0.942694,-0.335366,-0.0035864,1,999,0
127,-0.896159,-0.452813,0.0003698,1,999,0
128,0.344599,-0.953853,0.0366014,1,999,0
129,-0.68665,0.702634,-0.0821461,1,999,0
130,0.29293,-0.972705,0.00899222,1,999,0
131,-1.01029,-0.0060054,-0.0289151,1,999,0
132,-0.184142,-0.929469,-0.011086,1,999,0
133,1.03567,-0.0431184,0.0814441,1,999,0
134,0.641574,-0.847611,-0.076684,1,999,0
135,-0.0801708,-0.950155,-0.0021712,1,999,0
136,-0.314787,0.977353,0.0554407,1,999,0
137,0.96756,0.291684,0.081269,1,999,0
138,-0.89227,-0.37582,0.0199322,1,999,0
139,0.436259,-0.919654,-0.0228195,1,999,0
140,-0.20174,1.02241,0.0548839,1,999,0
141,-0.8862,0.575569,-0.0061842,1,999,0
142,-0.606796,-0.795625,-0.0095983,1,999,0
143,0.89784,-0.349404,-0.0155058,1,999,0
144,0.636827,0.757137,0.014726,1,999,0
145,0.854082,-0.466992,0.0668847,1,999,0
146,0.895481,0.203614,-0.0394695,1,999,0
147,-0.776988,0.647063,0.0339687,1,999,0
148,0.886366,-0.504367,0.0232987,1,999,0
149,-0.508349,-0.859864,0.00059735,1,999,0
150,0.392579,0.934061,0.055095,1,999,0
151,0.810608,-0.482801,-0.0442453,1,999,0
152,0.926996,0.342451,0.0358196,1,999,0
153,0.568921,-0.745815,-0.0729574,1,999,0
154,0.871896,0.314896,-0.0539321,1,999,0
155,0.204139,0.976749,0.0307525,1,999,0
156,0.914862,-0.470995,-0.0891713,1,999,0
157,-0.449887,0.889945,0.020691,1,999,0
158,-0.916657,-0.461957,-0.0723668,1,999,0
159,0.407942,-0.918638,0.0151611,1,999,0
160,0.816704,0.512904,0.0493364,1,999,0
161,0.924376,-0.478137,0.00250526,1,999,0
162,-0.110622,0.990578,0.00816699,1,999,0
163,-0.96412,0.140747,0.047091,1,999,0
164,0.605227,-0.888716,-0.033692,1,999,0
165,-0.817505,-0.552954,-0.0356378,1,999,0
166,0.837246,0.535029,0.0095613,1,999,0
167,-0.806191,-0.609372,0.0265233,1,999,0
168,0.355444,-0.943752,-0.0075581,1,999,0
169,0.2894,0.95932,-0.0007966,1,999,0
170,-0.728754,-0.732537,0.0923204,1,999,0
171,0.931007,0.0352742,0.0356658,1,999,0
172,0.990319,-0.0061715,0.0273165,1,999,0
173,-0.419221,0.863341,0.0109295,1,999,0
174,-0.63957,0.838264,0.0239222,1,999,0
175,-1.00321,-0.0655931,0.0947401,1,999,0
176,-0.716892,-0.708012,0.0596108,1,999,0
177,0.885556,-0.472467,-0.0726776,1,999,0
178,-0.037043,-1.00051,0.044648,1,999,0
179,-0.789432,-0.612797,0.00378106,1,999,0
180,0.0872189,-1.00493,0.0691314,1,999,0
181,-0.839012,-0.551695,0.00118192,1,999,0
182,0.753196,-0.529921,0.00339806,1,999,0
183,0.0310178,-1.02028,0.060311,1,999,0
184,-0.736195,0.653997,-0.0985032,1,999,0
185,0.381288,-0.926535,-0.0488804,1,999,0
186,-0.903648,-0.310294,-0.0607638,1,999,0
187,0.890359,0.402046,0.0917517,1,999,0
188,-0.920836,-0.280683,-0.0392001,1,999,0
189,0.60222,-0.877592,0.063673,1,999,0
190,-0.271692,-0.976306,0.0527011,1,999,0
191,-0.988343,-0.039914,0.0373406,1,999,0
192,-0.478107,0.867087,-0.0058362,1,999,0
193,-0.994971,-0.14876,-0.0182881,1,999,0
194,0.471561,0.829452,-0.074302,1,999,0
195,1.01778,-0.0731143,0.0562309,1,999,0
196,-0.197196,-0.940827,0.023012,1,999,0
197,-0.946797,0.11475,-0.0368247,1,999,0
198,0.902211,0.556642,0.00415021,1,999,0
199,-0.775566,-0.718666,-0.0401669,1,999,0
200,0.477223,-0.873987,-0.026157,1,999,0
201,-1.01598,-0.179099,0.074983,1,999,0
202,0.692561,0.63219,0.0582753,1,999,0
203,-0.458884,0.929101,0.0305983,1,999,0
204,0.11886,-1.08126,0.0385065,1,999,0
205,0.836692,0.503022,0.0679673,1,999,0
206,-0.810637,0.671539,0.00052005,1,999,0
207,0.882926,0.470194,0.00041436,1,999,0
208,1.07063,-0.0124207,-0.0218114,1,999,0
209,-0.651791,-0.792195,0.0420075,1,999,0
210,-0.990663,-0.0247946,-0.0954052,1,999,0
211,-0.314704,-0.882471,-0.0183492,1,999,0
212,-0.444594,-0.926421,0.0650079,1,999,0
213,0.782753,-0.573003,0.00830768,1,999,0
214,0.0860486,1.06489,-0.0704518,1,999,0
215,-0.161982,-0.986799,0.00072935,1,999,0
216,-1.00477,0.241163,0.090135,1,999,0
217,-0.915079,-0.133857,-0.0560842,1,999,0
218,0.536097,0.876226,0.0244964,1,999,0
219,0.768892,0.691798,0.0608495,1,999,0
220,-0.0206958,-1.07919,0.0229488,1,999,0
221,0.892393,-0.463765,0.00766431,1,999,0
222,0.325866,0.999585,0.0109194,1,999,0
223,0.0703238,1.00316,-0.0168789,1,999,0
224,-0.952577,-0.0361829,-0.0317952,1,999,0
225,-1.06254,0.104137,0.0484098,1,999,0
226,0.659086,-0.681843,0.0561629,1,999,0
227,0.626313,-0.811491,-0.0224464,1,999,0
228,-0.938271,-0.175903,-0.038619,1,999,0
229,-0.669787,-0.651794,0.0158268,1,999,0
230,-0.632693,0.816355,0.0213127,1,999,0
231,0.344706,-0.876801,-0.0679305,1,999,0
232,-0.458659,-0.828621,0.0692081,1,999,0
233,0.826927,-0.671244,-0.00386,1,999,0
234,-0.404028,-0.907478,0.0615304,1,999,0
235,-0.978138,-0.240034,-0.0022544,1,999,0
236,-0.702253,0.690105,0.0282462,1,999,0
237,0.51981,-0.946365,-0.0123266,1,999,0
238,0.764376,0.651092,-0.0081548,1,999,0
239,0.688221,-0.724112,0.0014499,1,999,0
240,0.563854,-0.778839,0.0801026,1,999,0
241,0.533979,0.803651,-0.0159897,1,999,0
242,-0.990834,-0.154363,0.00801654,1,999,0
243,0.524385,0.922574,0.0107322,1,999,0
244,0.991037,0.0648924,0.0433618,1,999,0
245,-0.474273,-0.949688,0.0350037,1,999,0
246,-0.871442,0.475399,0.00697509,1,999,0
247,-0.531954,0.852471,-0.0088547,1,999,0
248,0.0484049,0.993074,0.0475698,1,999,0
249,0.444185,-0.828527,-0.0030011,1,999,0
250,0.120748,-1.01503,-0.0715271,1,999,0
251,-0.048261,1.08886,0.0242185,1,999,0
252,0.839558,0.374175,0.0121729,1,999,0
253,-0.689739,0.605665,-0.0466038,1,999,0
254,-0.752183,0.717376,0.00393661,1,999,0
255,-0.130526,-1.00888,0.00984738,1,999,0
256,0.79112,0.602042,0.0283663,1,999,0
257,0.974644,-0.464637,0.0303084,1,999,0
258,-1.02258,-0.155595,0.0260229,1,999,0
259,-0.642848,0.697358,-0.0603644,1,999,0
260,-0.984749,0.220736,0.0062195,1,999,0
261,0.137487,-0.953941,-0.065388,1,999,0
262,-0.967366,-0.253679,0.00074851,1,999,0
263,-0.0104301,-0.98005,-0.0190178,1,999,0
264,0.862622,-0.53062,-0.0401455,1,999,0
265,-0.620944,-0.869046,0.0561084,1,999,0
266,-0.992641,0.126394,-0.0038384,1,999,0
267,0.136731,1.04737,-0.0266255,1,999,0
268,-0.728399,0.647322,-0.0143982,1,999,0
269,-0.257657,-0.972646,0.015045,1,999,0
270,1.02836,-0.0981998,-0.0874245,1,999,0
271,0.668623,0.695569,-0.00736,1,999,0
272,-0.707082,0.708711,-0.0552347,1,999,0
273,0.977179,0.212554,-0.0001993,1,999,0
274,-0.813056,-0.613948,0.0241715,1,999,0
275,-0.475377,0.803038,-0.038456,1,999,0
276,-0.806303,-0.500784,-0.0765278,1,999,0
277,-0.284864,0.925321,0.0257407,1,999,0
278,0.847258,0.593431,-0.0577119,1,999,0
279,-0.891016,-0.305479,0.0351793,1,999,0
280,-0.179368,-0.999552,0.0251352,1,999,0
281,-0.868396,0.494804,0.00091929,1,999,0
282,-0.913658,0.459787,0.0621774,1,999,0
283,0.627317,0.650598,-0.0141044,1,999,0
284,-0.413788,0.876402,-0.0844099,1,999,0
285,-0.964467,-0.280492,-0.0118271,1,999,0
286,0.390672,0.883628,-0.0693115,1,999,0
287,-0.938344,-0.231699,0.0198936,1,999,0
288,0.872315,0.645917,0.0505346,1,999,0
289,0.506665,-0.876663,0.0194133,1,999,0
290,0.587122,-0.795142,0.0673441,1,999,0
291,0.604807,-0.770409,-0.0153574,1,999,0
292,-0.979517,-0.137724,-0.0369443,1,999,0
293,0.599994,0.790944,0.0756713,1,999,0
294,1.04501,0.028962,-0.0105682,1,999,0
295,0.987038,-0.120875,0.0234696,1,999,0
296,-0.971452,-0.29662,0.0215456,1,999,0
297,-0.700281,0.614209,0.0470612,1,999,0
298,0.975115,0.0886829,-0.0287046,1,999,0
299,0.378187,0.932434,-0.0461186,1,999,0
300,-1.02892,-0.0892018,0.0458525,1,999,0
301,-1.02149,-0.319623,-8.77e-05,1,999,0
302,-0.0628322,1.00077,-0.0045386,1,999,0
303,-0.0489822,-0.987396,-0.0005858,1,999,0
304,0.775355,0.717917,-0.0416284,1,999,0
305,1.02774,-0.113874,0.034064,1,999,0
306,-0.20349,-0.999944,0.00452813,1,999,0
307,-0.622286,-0.784126,0.0524828,1,999,0
308,0.530667,-0.898993,-0.0422796,1,999,0
309,-0.685383,-0.724734,-0.0035785,1,999,0
310,0.885356,0.600953,0.0369587,1,999,0
311,-0.0216289,-0.998066,0.00930954,1,999,0
312,0.370208,-0.913768,0.019196,1,999,0
313,-0.503893,-0.952139,-0.0378341,1,999,0
314,-0.463871,0.869847,0.0140443,1,999,0
315,-0.781845,0.556941,0.013682,1,999,0
316,-0.202026,-0.987423,-0.0042264,1,999,0
317,0.314181,-0.8707,-0.0037312,1,999,0
318,0.584524,-0.81907,-0.0171173,1,999,0
319,0.448884,0.853135,0.0549923,1,999,0
320,0.380773,-0.863699,0.0647242,1,999,0
321,0.282942,-0.999641,0.0388676,1,999,0
322,0.447101,-0.901324,0.0837762,1,999,0
323,0.973974,0.238913,0.0351188,1,999,0
324,0.594342,0.778366,-0.011092,1,999,0
325,0.327142,0.926887,0.00020136,1,999,0
326,-0.654164,0.712918,0.0618597,1,999,0
327,0.764958,0.696396,-0.0697744,1,999,0
328,0.903112,-0.274902,-0.0188495,1,999,0
329,-0.595445,-0.8069,-0.0042745,1,999,0
330,-0.63887,0.763719,-0.0348771,1,999,0
331,0.190019,0.907451,0.0565191,1,999,0
332,-0.430233,-0.898702,-0.063772,1,999,0
333,-0.9395,0.484135,0.0480111,1,999,0
334,0.181485,1.04118,-0.0609514,1,999,0
335,0.904576,-0.285805,0.0625785,1,999,0
336,0.418731,-0.873171,-0.0267395,1,999,0
337,0.128359,0.947137,-0.0203656,1,999,0
338,-0.410351,0.899767,-0.0162787,1,999,0
339,-0.775063,-0.57644,0.0923003,1,999,0
340,-0.9283,0.422396,0.0350419,1,999,0
341,-0.82663,-0.502817,0.0498143,1,999,0
342,-0.0653824,-0.923782,0.018935,1,999,0
343,0.836274,-0.379265,0.0359999,1,999,0
344,-0.853784,-0.632068,0.0671302,1,999,0
345,-0.907271,0.318361,0.0253381,1,999,0
346,0.866872,0.523205,-0.0034305,1,999,0
347,0.856115,0.554747,-0.0831559,1,999,0
348,0.161873,1.02802,0.00244079,1,999,0
349,0.0192043,-1.00645,0.0489634,1,999,0
350,-0.188112,0.953345,0.0187625,1,999,0
351,0.735058,0.756365,0.0324888,1,999,0
352,-0.959704,-0.274622,0.00742583,1,999,0
353,-1.00331,0.133622,0.0248888,1,999,0
354,0.653781,0.688272,0.0543708,1,999,0
355,-0.635364,-0.788115,-0.0847476,1,999,0
356,0.883109,-0.377456,0.0530413,1,999,0
357,-0.698071,0.671028,-0.0331419,1,999,0
358,0.593182,0.803672,-0.0019767,1,999,0
359,0.983671,0.311729,0.0342695,1,999,0
360,-0.359303,-0.938418,0.00506378,1,999,0
361,0.780701,-0.680518,0.0768664,1,999,0
362,0.169994,0.967581,0.00997644,1,999,0
363,-0.720761,0.670583,-0.0168881,1,999,0
364,-0.583276,0.896937,0.0476683,1,999,0
365,-0.487582,-0.902605,0.0477577,1,999,0
366,0.176619,-0.905607,0.00297448,1,999,0
367,0.133525,-0.980312,-0.0229648,1,999,0
368,0.171981,-0.958918,0.0109495,1,999,0
369,-0.849414,-0.615942,0.0287186,1,999,0
370,0.875238,-0.587733,-0.0253598,1,999,0
371,0.967348,-0.230318,0.0180998,1,999,0
372,0.426612,-0.904913,-0.0004308,1,999,0
373,0.429009,-0.869455,-0.0709721,1,999,0
374,0.27109,-0.905528,-0.0225305,1,999,0
375,0.934291,-0.036834,0.0439905,1,999,0
376,-0.993188,-0.263506,-0.0463652,1,999,0
377,0.327554,-0.921296,0.0278949,1,999,0
378,-0.781109,0.638287,0.00271784,1,999,0
379,0.835608,-0.62259,0.0152626,1,999,0
380,0.657146,0.808925,0.0767405,1,999,0
381,0.085792,-1.05793,-0.0396685,1,999,0
382,-0.183192,0.983397,-0.001515,1,999,0
383,-0.0836083,0.988631,-0.0057307,1,999,0
384,-0.569454,0.819193,-0.0029274,1,999,0
385,-0.41388,0.907045,-0.0288585,1,999,0
386,0.674506,-0.819963,-0.039464,1,999,0
387,0.515743,-0.866104,-0.0295937,1,999,0
388,-0.653837,-0.79313,0.0253858,1,999,0
389,-0.450056,-0.925488,0.0582877,1,999,0
390,-0.150202,0.992253,-0.0398731,1,999,0
391,0.835383,-0.542451,-0.005775,1,999,0
392,-0.994897,-0.0489718,-0.0044195,1,999,0
393,0.0473921,-1.00192,0.0145576,1,999,0
394,0.854615,-0.486735,-0.076585,1,999,0
395,-0.405867,-0.945313,0.0846494,1,999,0
396,-0.102327,0.915502,-0.0342617,1,999,0
397,-0.661316,-0.629263,-0.0248906,1,999,0
398,-0.713138,0.763118,0.0838128,1,999,0
399,-0.431131,-0.879698,0.0575448,1,999,0
400,-0.493949,-0.8596,0.0140432,1,999,0
401,-0.759311,0.610703,0.0385813,1,999,0
402,0.539359,0.862129,-0.0491462,1,999,0
403,-0.18986,0.968556,-0.0117561,1,999,0
404,0.056922,-0.96585,-0.00828,1,999,0
405,0.861747,-0.60889,-0.0237,1,999,0
406,0.374204,0.892018,-0.0445048,1,999,0
407,0.958582,-0.189814,0.0516216,1,999,0
408,1.00853,0.155931,0.0692575,1,999,0
409,-0.924648,0.354031,0.0172441,1,999,0
410,-0.961075,-0.260418,-0.0032284,1,999,0
411,-0.652855,0.745495,0.0066264,1,999,0
412,-0.75822,0.72731,-0.083639,1,999,0
413,-0.178949,-0.91243,-0.0128175,1,999,0
414,-0.463859,0.830296,0.0625223,1,999,0
415,0.87458,-0.429663,-0.0427644,1,999,0
416,-0.330544,-0.937386,-0.0079442,1,999,0
417,-0.921451,-0.303916,0.0100887,1,999,0
418,-0.999951,-0.0899752,-0.0252851,1,999,0
419,-0.428545,-0.90496,-0.0560655,1,999,0
420,0.424965,0.838049,0.0283363,1,999,0
421,-0.186303,0.908356,-0.034248,1,999,0
422,-0.809953,-0.610995,-0.0010083,1,999,0
423,-0.826739,-0.387146,0.00096875,1,999,0
424,0.0185714,1.01406,0.0128228,1,999,0
425,-0.99761,-0.32734,0.00631525,1,999,0
426,0.878065,0.485038,-0.0228309,1,999,0
427,-0.609436,-0.809176,0.0223333,1,999,0
428,-0.776202,-0.502648,-0.0487364,1,999,0
429,0.845259,0.569014,-0.0196323,1,999,0
430,-0.773267,0.652421,0.00586853,1,999,0
431,0.68804,-0.802751,0.00820284,1,999,0
432,-0.895466,-0.483615,-0.0627244,1,999,0
433,0.961267,0.303109,0.0465116,1,999,0
434,1.01471,0.174365,0.0212977,1,999,0
435,0.940138,-0.337811,0.00052612,1,999,0
436,0.978731,-0.0109791,0.00361292,1,999,0
437,-0.442301,-0.896608,0.0291922,1,999,0
438,0.602658,-0.689241,0.00673352,1,999,0
439,-0.859954,-0.496458,0.0465812,1,999,0
440,-0.573026,-0.917116,0.0261968,1,999,0
441,-0.704542,-0.666287,-0.0204442,1,999,0
442,-1.00678,-0.106474,-0.0038992,1,999,0
443,0.850713,0.415511,0.0560559,1,999,0
444,0.904937,0.0291614,0.00935326,1,999,0
445,-0.632746,0.791679,0.0319403,1,999,0
446,0.518939,-0.756076,0.0107827,1,999,0
447,0.876781,0.448204,0.00903995,1,999,0
448,0.447844,-0.923639,0.0945065,1,999,0
449,-0.394398,-0.93213,0.0131281,1,999,0
450,0.766618,-0.574279,-0.0175346,1,999,0
451,-0.923699,-0.390935,0.017329,1,999,0
452,-0.541732,0.74512,-0.0326514,1,999,0
453,0.741937,-0.555235,0.0416032,1,999,0
454,0.800542,-0.520809,-0.0059127,1,999,0
455,-0.767303,-0.664837,0.045358,1,999,0
456,-0.47776,-0.766771,0.0241198,1,999,0
457,0.385698,-0.931157,-0.0006669,1,999,0
458,0.579289,0.801776,-0.049598,1,999,0
459,-0.406586,-0.90272,0.0263958,1,999,0
460,0.770623,-0.630581,0.0267081,1,999,0
461,-0.954129,-0.237248,-0.0457122,1,999,0
462,-0.661373,0.699749,-0.0115919,1,999,0
463,-0.821244,-0.549079,0.0729799,1,999,0
464,0.412097,-0.934509,0.0420003,1,999,0
465,0.500132,-0.866126,0.00687389,1,999,0
466,0.449952,-0.932766,0.0543299,1,999,0
467,0.571937,0.817905,-0.076342,1,999,0
468,-0.603924,-0.764897,0.00165026,1,999,0
469,-0.578888,0.815298,-0.0006438,1,999,0
470,0.803856,-0.541926,-0.0022021,1,999,0
471,0.496856,-0.78562,-0.0005539,1,999,0
472,0.130931,-0.992559,-0.0219636,1,999,0
473,-0.434009,-0.916952,0.013981,1,999,0
474,-0.967914,0.325117,-0.0966757,1,999,0
475,-0.87121,-0.531881,-0.0260991,1,999,0
476,1.00648,0,-0.0514201,1,999,0
477,-0.0174598,0.995048,-0.0282513,1,999,0
478,-0.0881361,1.04575,-0.06956,1,999,0
479,-0.119582,-1.03743,-0.080505,1,999,0
480,-0.936832,-0.32712,0.0431184,1,999,0
481,-0.636252,0.774215,0.00802788,1,999,0
482,0.923411,0.445221,-0.0255321,1,999,0
483,0.0415662,1.04921,-0.0086079,1,999,0
484,0.74761,-0.748471,-0.0092859,1,999,0
485,-0.929562,-0.427389,-0.0793076,1,999,0
486,0.249239,0.939413,0.019452,1,999,0
487,0.422388,-0.967629,0.0564257,1,999,0
488,-0.899185,-0.360692,0.0839543,1,999,0
489,-0.668781,0.770064,-0.0088432,1,999,0
490,0.263562,-1.01257,-0.0479518,1,999,0
491,-0.878526,0.357205,-0.0289224,1,999,0
492,-0.901444,-0.350807,-0.073147,1,999,0
493,0.572184,-0.816423,0.00322968,1,999,0
494,0.910141,0.175692,-0.0561283,1,999,0
495,-0.360871,-0.946861,0.0151535,1,999,0
496,0.874858,-0.30859,0.051553,1,999,0
497,-0.946967,0.392034,-0.0051061,1,999,0
498,0.880553,-0.286128,-0.0670674,1,999,0
499,-0.729758,-0.571989,-0.0577211,1,999,0
500,0.0230051,0.109295,-0.452525,1,999,1
501,0.0210845,0.154125,0.65285,1,999,1
502,-0.0013908,1.91345,0.397904,1,999,1
503,0.00628025,2.05499,0.095233,1,999,1
504,0.0377623,0.058896,0.52399,1,999,1
505,0.0217916,2.00439,-0.0262946,1,999,1
506,-0.0285324,1.90819,0.424546,1,999,1
507,0.0510885,0.725122,-0.991431,1,999,1
508,0.0379796,0.964745,-1.01262,1,999,1
509,-0.0312168,0.369017,-0.730493,1,999,1
510,0.0439425,1.34611,0.879147,1,999,1
511,0.0849441,0.54131,-0.845433,1,999,1
512,0.00558477,1.9209,-0.385073,1,999,1
513,0.0480393,1.88365,0.240167,1,999,1
514,0.0727097,0.739762,1.03096,1,999,1
515,-0.0402896,1.50181,0.871156,1,999,1
516,0.0277935,0.994439,-1.01758,1,999,1
517,0.0360865,1.78671,0.591927,1,999,1
518,0.00662452,1.94598,0.296894,1,999,1
519,0.0541645,0.596592,-0.831588,1,999,1
520,-0.0182249,0.217684,0.607273,1,999,1
521,0.0125239,0.260927,-0.71167,1,999,1
522,0.00196889,1.85928,-0.537236,1,999,1
523,-0.0108159,0.580367,-0.893213,1,999,1
524,0.0486224,0.0867891,0.0723822,1,999,1
525,-0.0007589,1.81872,0.579431,1,999,1
526,0.00595943,0.504301,0.866296,1,999,1
527,-0.0163078,2.03311,-0.359517,1,999,1
528,-0.0865145,0.397137,-0.778482,1,999,1
529,0.0224062,0.0121714,-0.0978664,1,999,1
530,0.0485641,1.40136,0.886794,1,999,1
531,-0.0178712,1.74243,0.754197,1,999,1
532,0.0238161,0.922826,1.05449,1,999,1
533,-0.0305776,0.0438065,-0.205399,1,999,1
534,0.0312712,1.55057,0.79707,1,999,1
535,-0.0021966,1.62914,0.806644,1,999,1
536,-0.0157249,2.00921,-0.0722066,1,999,1
537,0.0199341,0.02793,-0.415039,1,999,1
538,0.0359923,2.08517,-0.0831856,1,999,1
539,0.0220944,0.20588,0.507577,1,999,1
540,-0.0305324,1.90573,-0.238166,1,999,1
541,-0.0257716,1.6893,-0.634439,1,999,1
542,0.00465477,0.404249,-0.851786,1,999,1
543,0.0684599,0.108596,-0.573497,1,999,1
544,0.0318422,1.71238,-0.723252,1,999,1
545,-0.0052112,1.80379,-0.67738,1,999,1
546,-0.0344596,0.0306424,-0.464171,1,999,1
547,-0.0682099,0.239299,-0.710878,1,999,1
548,-0.0168075,1.8453,0.611971,1,999,1
549,-0.0398432,0.254129,-0.580474,1,999,1
550,0.0132484,0.0246185,0.169919,1,999,1
551,-0.0136208,0.377625,0.768981,1,999,1
552,0.0171824,0.0204311,-0.292949,1,999,1
553,0.0157996,-0.0014676,-0.208604,1,999,1
554,0.00309421,0.0352513,0.299738,1,999,1
555,0.0108217,-0.0449721,-0.0316683,1,999,1
556,0.0137515,0.0249181,0.22309,1,999,1
557,-0.0155284,0.515624,0.909978,1,999,1
558,-0.0275508,1.88434,0.391391,1,999,1
559,0.0361662,0.943165,-0.99524,1,999,1
560,0.0936955,1.02439,-1.02555,1,999,1
561,0.00857179,2.00917,-0.0574365,1,999,1
562,-0.0371231,1.69063,0.778781,1,999,1
563,-0.0268056,1.83587,0.515045,1,999,1
564,-0.0816102,1.11698,-0.967572,1,999,1
565,-0.034013,0.497734,-0.8908,1,999,1
566,-0.0103016,0.822725,-1.05279,1,999,1
567,-0.0430465,2.05904,-0.117035,1,999,1
568,0.0176969,1.72386,-0.651907,1,999,1
569,-0.0009876,0.318949,0.775739,1,999,1
570,-0.024617,1.93882,0.393839,1,999,1
571,0.00246011,1.86817,0.491481,1,999,1
572,0.00173572,0.690092,-1.0298,1,999,1
573,-0.031988,0.060506,0.224257,1,999,1
574,0.0229754,1.47429,-0.897043,1,999,1
575,-0.0471291,1.64633,-0.738182,1,999,1
576,0.00162092,2.02498,0.0432641,1,999,1
577,0.00723937,1.78252,0.633208,1,999,1
578,-0.0041075,0.665389,-0.987701,1,999,1
579,0.0882138,1.74616,-0.626011,1,999,1
580,0.0663648,1.52117,0.928486,1,999,1
581,0.0470351,1.32253,0.928837,1,999,1
582,0.0104632,0.12956,0.549448,1,999,1
583,-0.0208701,0.097843,0.312492,1,999,1
584,0.0296921,0.0638697,0.37885,1,999,1
585,-0.0177639,0.0936755,-0.615313,1,999,1
586,0.0107558,0.424598,0.913884,1,999,1
587,0.0104884,1.70343,-0.730375,1,999,1
588,-0.042956,0.945312,-1.06726,1,999,1
589,-0.0001919,0.755419,0.948968,1,999,1
590,0.0115475,0.0255319,-0.171397,1,999,1
591,-0.0718201,1.92954,-0.0589864,1,999,1
592,0.0588549,1.82365,0.499059,1,999,1
593,-0.0847769,0.105159,0.355071,1,999,1
594,-0.061292,1.85115,0.471023,1,999,1
595,-0.0347031,1.72385,-0.701032,1,999,1
596,-0.0009419,0.828724,-0.986525,1,999,1
597,-0.0158275,0.465415,0.760755,1,999,1
598,-0.02144,0.230382,-0.573882,1,999,1
599,0.0365225,1.10065,0.927066,1,999,1
600,0.00342795,0.227872,0.578869,1,999,1
601,0.0444503,1.76347,-0.653993,1,999,1
602,-0.0378636,1.83692,0.426917,1,999,1
603,0.0813431,1.04925,1.04126,1,999,1
604,-0.0090153,0.949481,-0.978552,1,999,1
605,-0.0107711,1.88606,0.397755,1,999,1
606,0.0658037,1.57163,0.889999,1,999,1
607,0.0270405,0.580569,0.869281,1,999,1
608,-0.0189327,1.92521,-0.24471,1,999,1
609,0.004459,1.12093,0.936101,1,999,1
610,-0.0573582,1.58554,-0.814859,1,999,1
611,-0.0095683,1.29279,-0.970541,1,999,1
612,-0.0374855,0.00191105,-0.282503,1,999,1
613,-0.0003654,0.583302,0.906538,1,999,1
614,-0.0033689,1.68285,0.727907,1,999,1
615,-0.0110291,1.98858,-0.0941138,1,999,1
616,-0.0344655,0.0554208,0.428384,1,999,1
617,0.0249398,0.407588,-0.796219,1,999,1
618,-0.0105008,0.0252274,0.213891,1,999,1
619,0.0739218,1.77075,-0.663696,1,999,1
620,0.00342565,1.85717,-0.30568,1,999,1
621,0.059348,1.22378,1.03023,1,999,1
622,0.0528001,0.719158,0.896943,1,999,1
623,0.0507999,1.39239,0.856903,1,999,1
624,-0.0629902,1.48507,-0.886531,1,999,1
625,0.00447791,0.0095672,0.116956,1,999,1
626,-0.0035864,0.664634,-0.942694,1,999,1
627,0.0003698,0.547187,-0.896159,1,999,1
628,0.0366014,0.0461469,0.344599,1,999,1
629,-0.0821461,1.70263,-0.68665,1,999,1
630,0.00899222,0.0272949,0.29293,1,999,1
631,-0.0289151,0.993995,-1.01029,1,999,1
632,-0.011086,0.0705306,-0.184142,1,999,1
633,0.0814441,0.956882,1.03567,1,999,1
634,-0.076684,0.152389,0.641574,1,999,1
635,-0.0021712,0.049845,-0.0801708,1,999,1
636,0.0554407,1.97735,-0.314787,1,999,1
637,0.081269,1.29168,0.96756,1,999,1
638,0.0199322,0.62418,-0.89227,1,999,1
639,-0.0228195,0.0803463,0.436259,1,999,1
640,0.0548839,2.02241,-0.20174,1,999,1
641,-0.0061842,1.57557,-0.8862,1,999,1
642,-0.0095983,0.204375,-0.606796,1,999,1
643,-0.0155058,0.650596,0.89784,1,999,1
644,0.014726,1.75714,0.636827,1,999,1
645,0.0668847,0.533008,0.854082,1,999,1
646,-0.0394695,1.20361,0.895481,1,999,1
647,0.0339687,1.64706,-0.776988,1,999,1
648,0.0232987,0.495633,0.886366,1,999,1
649,0.00059735,0.140136,-0.508349,1,999,1
650,0.055095,1.93406,0.392579,1,999,1
651,-0.0442453,0.517199,0.810608,1,999,1
652,0.0358196,1.34245,0.926996,1,999,1
653,-0.0729574,0.254185,0.568921,1,999,1
654,-0.0539321,1.3149,0.871896,1,999,1
655,0.0307525,1.97675,0.204139,1,999,1
656,-0.0891713,0.529005,0.914862,1,999,1
657,0.020691,1.88994,-0.449887,1,999,1
658,-0.0723668,0.538043,-0.916657,1,999,1
659,0.0151611,0.0813623,0.407942,1,999,1
660,0.0493364,1.5129,0.816704,1,999,1
661,0.00250526,0.521863,0.924376,1,999,1
662,0.00816699,1.99058,-0.110622,1,999,1
663,0.047091,1.14075,-0.96412,1,999,1
664,-0.033692,0.111284,0.605227,1,999,1
665,-0.0356378,0.447046,-0.817505,1,999,1
666,0.0095613,1.53503,0.837246,1,999,1
667,0.0265233,0.390628,-0.806191,1,999,1
668,-0.0075581,0.0562476,0.355444,1,999,1
669,-0.0007966,1.95932,0.2894,1,999,1
670,0.0923204,0.267463,-0.728754,1,999,1
671,0.0356658,1.03527,0.931007,1,999,1
672,0.0273165,0.993828,0.990319,1,999,1
673,0.0109295,1.86334,-0.419221,1,999,1
674,0.0239222,1.83826,-0.63957,1,999,1
675,0.0947401,0.934407,-1.00321,1,999,1
676,0.0596108,0.291988,-0.716892,1,999,1
677,-0.0726776,0.527533,0.885556,1,999,1
678,0.044648,-0.0005091,-0.037043,1,999,1
679,0.00378106,0.387203,-0.789432,1,999,1
680,0.0691314,-0.0049305,0.0872189,1,999,1
681,0.00118192,0.448305,-0.839012,1,999,1
682,0.00339806,0.470079,0.753196,1,999,1
683,0.060311,-0.020277,0.0310178,1,999,1
684,-0.0985032,1.654,-0.736195,1,999,1
685,-0.0488804,0.0734646,0.381288,1,999,1
686,-0.0607638,0.689706,-0.903648,1,999,1
687,0.0917517,1.40205,0.890359,1,999,1
688,-0.0392001,0.719317,-0.920836,1,999,1
689,0.063673,0.122408,0.60222,1,999,1
690,0.0527011,0.0236941,-0.271692,1,999,1
691,0.0373406,0.960086,-0.988343,1,999,1
692,-0.0058362,1.86709,-0.478107,1,999,1
693,-0.0182881,0.85124,-0.994971,1,999,1
694,-0.074302,1.82945,0.471561,1,999,1
695,0.0562309,0.926886,1.01778,1,999,1
696,0.023012,0.0591732,-0.197196,1,999,1
697,-0.0368247,1.11475,-0.946797,1,999,1
698,0.00415021,1.55664,0.902211,1,999,1
699,-0.0401669,0.281334,-0.775566,1,999,1
700,-0.026157,0.126013,0.477223,1,999,1
701,0.074983,0.820901,-1.01598,1,999,1
702,0.0582753,1.63219,0.692561,1,999,1
703,0.0305983,1.9291,-0.458884,1,999,1
704,0.0385065,-0.081263,0.11886,1,999,1
705,0.0679673,1.50302,0.836692,1,999,1
706,0.00052005,1.67154,-0.810637,1,999,1
707,0.00041436,1.47019,0.882926,1,999,1
708,-0.0218114,0.987579,1.07063,1,999,1
709,0.0420075,0.207805,-0.651791,1,999,1
710,-0.0954052,0.975205,-0.990663,1,999,1
711,-0.0183492,0.117529,-0.314704,1,999,1
712,0.0650079,0.0735793,-0.444594,1,999,1
713,0.00830768,0.426997,0.782753,1,999,1
714,-0.0704518,2.06489,0.0860486,1,999,1
715,0.00072935,0.0132013,-0.161982,1,999,1
716,0.090135,1.24116,-1.00477,1,999,1
717,-0.0560842,0.866143,-0.915079,1,999,1
718,0.0244964,1.87623,0.536097,1,999,1
719,0.0608495,1.6918,0.768892,1,999,1
720,0.0229488,-0.0791929,-0.0206958,1,999,1
721,0.00766431,0.536234,0.892393,1,999,1
722,0.0109194,1.99958,0.325866,1,999,1
723,-0.0168789,2.00316,0.0703238,1,999,1
724,-0.0317952,0.963817,-0.952577,1,999,1
725,0.0484098,1.10414,-1.06254,1,999,1
726,0.0561629,0.318157,0.659086,1,999,1
727,-0.0224464,0.188509,0.626313,1,999,1
728,-0.038619,0.824097,-0.938271,1,999,1
729,0.0158268,0.348206,-0.669787,1,999,1
730,0.0213127,1.81635,-0.632693,1,999,1
731,-0.0679305,0.123199,0.344706,1,999,1
732,0.0692081,0.171379,-0.458659,1,999,1
733,-0.00386,0.328756,0.826927,1,999,1
734,0.0615304,0.092522,-0.404028,1,999,1
735,-0.0022544,0.759966,-0.978138,1,999,1
736,0.0282462,1.6901,-0.702253,1,999,1
737,-0.0123266,0.0536355,0.51981,1,999,1
738,-0.0081548,1.65109,0.764376,1,999,1
739,0.0014499,0.275888,0.688221,1,999,1
740,0.0801026,0.221161,0.563854,1,999,1
741,-0.0159897,1.80365,0.533979,1,999,1
742,0.00801654,0.845637,-0.990834,1,999,1
743,0.0107322,1.92257,0.524385,1,999,1
744,0.0433618,1.06489,0.991037,1,999,1
745,0.0350037,0.0503116,-0.474273,1,999,1
746,0.00697509,1.4754,-0.871442,1,999,1
747,-0.0088547,1.85247,-0.531954,1,999,1
748,0.0475698,1.99307,0.0484049,1,999,1
749,-0.0030011,0.171473,0.444185,1,999,1
750,-0.0715271,-0.0150283,0.120748,1,999,1
751,0.0242185,2.08886,-0.048261,1,999,1
752,0.0121729,1.37417,0.839558,1,999,1
753,-0.0466038,1.60566,-0.689739,1,999,1
754,0.00393661,1.71738,-0.752183,1,999,1
755,0.00984738,-0.0088778,-0.130526,1,999,1
756,0.0283663,1.60204,0.79112,1,999,1
757,0.0303084,0.535363,0.974644,1,999,1
758,0.0260229,0.844405,-1.02258,1,999,1
759,-0.0603644,1.69736,-0.642848,1,999,1
760,0.0062195,1.22074,-0.984749,1,999,1
761,-0.065388,0.0460586,0.137487,1,999,1
762,0.00074851,0.746321,-0.967366,1,999,1
763,-0.0190178,0.0199502,-0.0104301,1,999,1
764,-0.0401455,0.46938,0.862622,1,999,1
765,0.0561084,0.130954,-0.620944,1,999,1
766,-0.0038384,1.12639,-0.992641,1,999,1
767,-0.0266255,2.04737,0.136731,1,999,1
768,-0.0143982,1.64732,-0.728399,1,999,1
769,0.015045,0.0273538,-0.257657,1,999,1
770,-0.0874245,0.9018,1.02836,1,999,1
771,-0.00736,1.69557,0.668623,1,999,1
772,-0.0552347,1.70871,-0.707082,1,999,1
773,-0.0001993,1.21255,0.977179,1,999,1
774,0.0241715,0.386052,-0.813056,1,999,1
775,-0.038456,1.80304,-0.475377,1,999,1
776,-0.0765278,0.499216,-0.806303,1,999,1
777,0.0257407,1.92532,-0.284864,1,999,1
778,-0.0577119,1.59343,0.847258,1,999,1
779,0.0351793,0.694521,-0.891016,1,999,1
780,0.0251352,0.00044827,-0.179368,1,999,1
781,0.00091929,1.4948,-0.868396,1,999,1
782,0.0621774,1.45979,-0.913658,1,999,1
783,-0.0141044,1.6506,0.627317,1,999,1
784,-0.0844099,1.8764,-0.413788,1,999,1
785,-0.0118271,0.719508,-0.964467,1,999,1
786,-0.0693115,1.88363,0.390672,1,999,1
787,0.0198936,0.768301,-0.938344,1,999,1
788,0.0505346,1.64592,0.872315,1,999,1
789,0.0194133,0.123337,0.506665,1,999,1
790,0.0673441,0.204858,0.587122,1,999,1
791,-0.0153574,0.229591,0.604807,1,999,1
792,-0.0369443,0.862276,-0.979517,1,999,1
793,0.0756713,1.79094,0.599994,1,999,1
794,-0.0105682,1.02896,1.04501,1,999,1
795,0.0234696,0.879125,0.987038,1,999,1
796,0.0215456,0.70338,-0.971452,1,999,1
797,0.0470612,1.61421,-0.700281,1,999,1
798,-0.0287046,1.08868,0.975115,1,999,1
799,-0.0461186,1.93243,0.378187,1,999,1
800,0.0458525,0.910798,-1.02892,1,999,1
801,-8.77e-05,0.680377,-1.02149,1,999,1
802,-0.0045386,2.00077,-0.0628322,1,999,1
803,-0.0005858,0.0126036,-0.0489822,1,999,1
804,-0.0416284,1.71792,0.775355,1,999,1
805,0.034064,0.886126,1.02774,1,999,1
806,0.00452813,5.57e-05,-0.20349,1,999,1
807,0.0524828,0.215873,-0.622286,1,999,1
808,-0.0422796,0.101007,0.530667,1,999,1
809,-0.0035785,0.275266,-0.685383,1,999,1
810,0.0369587,1.60095,0.885356,1,999,1
811,0.00930954,0.00193441,-0.0216289,1,999,1
812,0.019196,0.0862319,0.370208,1,999,1
813,-0.0378341,0.0478609,-0.503893,1,999,1
814,0.0140443,1.86985,-0.463871,1,999,1
815,0.013682,1.55694,-0.781845,1,999,1
816,-0.0042264,0.0125774,-0.202026,1,999,1
817,-0.0037312,0.1293,0.314181,1,999,1
818,-0.0171173,0.18093,0.584524,1,999,1
819,0.0549923,1.85313,0.448884,1,999,1
820,0.0647242,0.136301,0.380773,1,999,1
821,0.0388676,0.00035875,0.282942,1,999,1
822,0.0837762,0.0986762,0.447101,1,999,1
823,0.0351188,1.23891,0.973974,1,999,1
824,-0.011092,1.77837,0.594342,1,999,1
825,0.00020136,1.92689,0.327142,1,999,1
826,0.0618597,1.71292,-0.654164,1,999,1
827,-0.0697744,1.6964,0.764958,1,999,1
828,-0.0188495,0.725098,0.903112,1,999,1
829,-0.0042745,0.1931,-0.595445,1,999,1
830,-0.0348771,1.76372,-0.63887,1,999,1
831,0.0565191,1.90745,0.190019,1,999,1
832,-0.063772,0.101297,-0.430233,1,999,1
833,0.0480111,1.48413,-0.9395,1,999,1
834,-0.0609514,2.04118,0.181485,1,999,1
835,0.0625785,0.714195,0.904576,1,999,1
836,-0.0267395,0.126829,0.418731,1,999,1
837,-0.0203656,1.94714,0.128359,1,999,1
838,-0.0162787,1.89977,-0.410351,1,999,1
839,0.0923003,0.42356,-0.775063,1,999,1
840,0.0350419,1.4224,-0.9283,1,999,1
841,0.0498143,0.497183,-0.82663,1,999,1
842,0.018935,0.0762178,-0.0653824,1,999,1
843,0.0359999,0.620735,0.836274,1,999,1
844,0.0671302,0.367932,-0.853784,1,999,1
845,0.0253381,1.31836,-0.907271,1,999,1
846,-0.0034305,1.5232,0.866872,1,999,1
847,-0.0831559,1.55475,0.856115,1,999,1
848,0.00244079,2.02802,0.161873,1,999,1
849,0.0489634,-0.0064525,0.0192043,1,999,1
850,0.0187625,1.95335,-0.188112,1,999,1
851,0.0324888,1.75636,0.735058,1,999,1
852,0.00742583,0.725378,-0.959704,1,999,1
853,0.0248888,1.13362,-1.00331,1,999,1
854,0.0543708,1.68827,0.653781,1,999,1
855,-0.0847476,0.211885,-0.635364,1,999,1
856,0.0530413,0.622544,0.883109,1,999,1
857,-0.0331419,1.67103,-0.698071,1,999,1
858,-0.0019767,1.80367,0.593182,1,999,1
859,0.0342695,1.31173,0.983671,1,999,1
860,0.00506378,0.061582,-0.359303,1,999,1
861,0.0768664,0.319482,0.780701,1,999,1
862,0.00997644,1.96758,0.169994,1,999,1
863,-0.0168881,1.67058,-0.720761,1,999,1
864,0.0476683,1.89694,-0.583276,1,999,1
865,0.0477577,0.097395,-0.487582,1,999,1
866,0.00297448,0.0943929,0.176619,1,999,1
867,-0.0229648,0.0196878,0.133525,1,999,1
868,0.0109495,0.041082,0.171981,1,999,1
869,0.0287186,0.384058,-0.849414,1,999,1
870,-0.0253598,0.412267,0.875238,1,999,1
871,0.0180998,0.769682,0.967348,1,999,1
872,-0.0004308,0.0950874,0.426612,1,999,1
873,-0.0709721,0.130545,0.429009,1,999,1
874,-0.0225305,0.0944722,0.27109,1,999,1
875,0.0439905,0.963166,0.934291,1,999,1
876,-0.0463652,0.736494,-0.993188,1,999,1
877,0.0278949,0.0787038,0.327554,1,999,1
878,0.00271784,1.63829,-0.781109,1,999,1
879,0.0152626,0.37741,0.835608,1,999,1
880,0.0767405,1.80892,0.657146,1,999,1
881,-0.0396685,-0.0579261,0.085792,1,999,1
882,-0.001515,1.9834,-0.183192,1,999,1
883,-0.0057307,1.98863,-0.0836083,1,999,1
884,-0.0029274,1.81919,-0.569454,1,999,1
885,-0.0288585,1.90705,-0.41388,1,999,1
886,-0.039464,0.180037,0.674506,1,999,1
887,-0.0295937,0.133896,0.515743,1,999,1
888,0.0253858,0.20687,-0.653837,1,999,1
889,0.0582877,0.0745118,-0.450056,1,999,1
890,-0.0398731,1.99225,-0.150202,1,999,1
891,-0.005775,0.457549,0.835383,1,999,1
892,-0.0044195,0.951028,-0.994897,1,999,1
893,0.0145576,-0.0019252,0.0473921,1,999,1
894,-0.076585,0.513266,0.854615,1,999,1
895,0.0846494,0.0546869,-0.405867,1,999,1
896,-0.0342617,1.9155,-0.102327,1,999,1
897,-0.0248906,0.370737,-0.661316,1,999,1
898,0.0838128,1.76312,-0.713138,1,999,1
899,0.0575448,0.120302,-0.431131,1,999,1
900,0.0140432,0.1404,-0.493949,1,999,1
901,0.0385813,1.6107,-0.759311,1,999,1
902,-0.0491462,1.86213,0.539359,1,999,1
903,-0.0117561,1.96856,-0.18986,1,999,1
904,-0.00828,0.0341498,0.056922,1,999,1
905,-0.0237,0.39111,0.861747,1,999,1
906,-0.0445048,1.89202,0.374204,1,999,1
907,0.0516216,0.810186,0.958582,1,999,1
908,0.0692575,1.15593,1.00853,1,999,1
909,0.0172441,1.35403,-0.924648,1,999,1
910,-0.0032284,0.739582,-0.961075,1,999,1
911,0.0066264,1.7455,-0.652855,1,999,1
912,-0.083639,1.72731,-0.75822,1,999,1
913,-0.0128175,0.0875702,-0.178949,1,999,1
914,0.0625223,1.8303,-0.463859,1,999,1
915,-0.0427644,0.570337,0.87458,1,999,1
916,-0.0079442,0.0626136,-0.330544,1,999,1
917,0.0100887,0.696084,-0.921451,1,999,1
918,-0.0252851,0.910025,-0.999951,1,999,1
919,-0.0560655,0.0950399,-0.428545,1,999,1
920,0.0283363,1.83805,0.424965,1,999,1
921,-0.034248,1.90836,-0.186303,1,999,1
922,-0.0010083,0.389005,-0.809953,1,999,1
923,0.00096875,0.612854,-0.826739,1,999,1
924,0.0128228,2.01406,0.0185714,1,999,1
925,0.00631525,0.67266,-0.99761,1,999,1
926,-0.0228309,1.48504,0.878065,1,999,1
927,0.0223333,0.190824,-0.609436,1,999,1
928,-0.0487364,0.497352,-0.776202,1,999,1
929,-0.0196323,1.56901,0.845259,1,999,1
930,0.00586853,1.65242,-0.773267,1,999,1
931,0.00820284,0.197249,0.68804,1,999,1
932,-0.0627244,0.516385,-0.895466,1,999,1
933,0.0465116,1.30311,0.961267,1,999,1
934,0.0212977,1.17437,1.01471,1,999,1
935,0.00052612,0.662189,0.940138,1,999,1
936,0.00361292,0.989021,0.978731,1,999,1
937,0.0291922,0.103392,-0.442301,1,999,1
938,0.00673352,0.310759,0.602658,1,999,1
939,0.0465812,0.503542,-0.859954,1,999,1
940,0.0261968,0.0828838,-0.573026,1,999,1
941,-0.0204442,0.333713,-0.704542,1,999,1
942,-0.0038992,0.893526,-1.00678,1,999,1
943,0.0560559,1.41551,0.850713,1,999,1
944,0.00935326,1.02916,0.904937,1,999,1
945,0.0319403,1.79168,-0.632746,1,999,1
946,0.0107827,0.243924,0.518939,1,999,1
947,0.00903995,1.4482,0.876781,1,999,1
948,0.0945065,0.0763614,0.447844,1,999,1
949,0.0131281,0.06787,-0.394398,1,999,1
950,-0.0175346,0.425721,0.766618,1,999,1
951,0.017329,0.609065,-0.923699,1,999,1
952,-0.0326514,1.74512,-0.541732,1,999,1
953,0.0416032,0.444765,0.741937,1,999,1
954,-0.0059127,0.479191,0.800542,1,999,1
955,0.045358,0.335163,-0.767303,1,999,1
956,0.0241198,0.233229,-0.47776,1,999,1
957,-0.0006669,0.0688427,0.385698,1,999,1
958,-0.049598,1.80178,0.579289,1,999,1
959,0.0263958,0.0972796,-0.406586,1,999,1
960,0.0267081,0.369419,0.770623,1,999,1
961,-0.0457122,0.762752,-0.954129,1,999,1
962,-0.0115919,1.69975,-0.661373,1,999,1
963,0.0729799,0.450921,-0.821244,1,999,1
964,0.0420003,0.0654906,0.412097,1,999,1
965,0.00687389,0.133874,0.500132,1,999,1
966,0.0543299,0.0672338,0.449952,1,999,1
967,-0.076342,1.81791,0.571937,1,999,1
968,0.00165026,0.235103,-0.603924,1,999,1
969,-0.0006438,1.8153,-0.578888,1,999,1
970,-0.0022021,0.458074,0.803856,1,999,1
971,-0.0005539,0.21438,0.496856,1,999,1
972,-0.0219636,0.00744137,0.130931,1,999,1
973,0.013981,0.0830479,-0.434009,1,999,1
974,-0.0966757,1.32512,-0.967914,1,999,1
975,-0.0260991,0.468119,-0.87121,1,999,1
976,-0.0514201,1,1.00648,1,999,1
977,-0.0282513,1.99505,-0.0174598,1,999,1
978,-0.06956,2.04575,-0.0881361,1,999,1
979,-0.080505,-0.0374302,-0.119582,1,999,1
980,0.0431184,0.67288,-0.936832,1,999,1
981,0.00802788,1.77422,-0.636252,1,999,1
982,-0.0255321,1.44522,0.923411,1,999,1
983,-0.0086079,2.04921,0.0415662,1,999,1
984,-0.0092859,0.25153,0.74761,1,999,1
985,-0.0793076,0.572611,-0.929562,1,999,1
986,0.019452,1.93941,0.249239,1,999,1
987,0.0564257,0.0323711,0.422388,1,999,1
988,0.0839543,0.639308,-0.899185,1,999,1
989,-0.0088432,1.77006,-0.668781,1,999,1
990,-0.0479518,-0.0125675,0.263562,1,999,1
991,-0.0289224,1.3572,-0.878526,1,999,1
992,-0.073147,0.649193,-0.901444,1,999,1
993,0.00322968,0.183577,0.572184,1,999,1
994,-0.0561283,1.17569,0.910141,1,999,1
995,0.0151535,0.0531388,-0.360871,1,999,1
996,0.051553,0.691411,0.874858,1,999,1
997,-0.0051061,1.39203,-0.946967,1,999,1
998,-0.0670674,0.713872,0.880553,1,999,1
999,-0.0577211,0.428011,-0.729758,1,999,1
