1	563.225	56.748
2	564.887	58.119
3	565.434	68.061
4	565.926	79.953
5	566.762	69.405
6	567.99	81.669
7	569.194	62.483
8	569.791	55.458
9	570.576	73.136
10	572.167	73.306
11	573.101	47.248
12	573.649	88.769
13	575.847	55.477
14	576.019	55.179
15	576.686	66.819
16	577.379	44.799
17	577.513	51.055
18	578.727	80.574
19	579.476	39.921
20	580.633	44.737
21	581.278	65.616
22	582.023	54.002
23	583.593	76.708
24	583.796	79.86
25	584.366	53.483
26	586.459	59.779
27	587.023	85.774
28	587.679	71.899
29	588.232	39.995
30	588.672	51.99
31	589.312	38.724
32	591.027	44.019
33	591.4	91.172
34	592.217	89.381
35	593.16	66.805
36	594.063	66.893
37	594.76	74.765
38	595.356	80.827
39	595.79	75.361
40	596.355	83.586
41	596.668	86.122
42	598.529	58.733
43	599.626	59.223
44	600.848	85.828
45	601.795	80.356
46	602.177	43.649
47	603.088	68.333
48	604.009	86.323
49	605.044	65.636
50	605.162	87.564
51	605.689	81.98
52	606.666	65.305
53	609.273	46.702
54	609.805	79.983
55	610.426	66.076
56	611.214	67.693
57	612.12	50.623
58	612.611	80.34
59	615.622	67.058
60	616.511	69.774
61	185.148	187.84
62	186.379	210.891
63	190.146	203.939
64	192.725	200.574
65	193.58	191.945
66	196.524	209.577
67	198.153	194.02
68	199.639	189.935
69	200.871	193.293
70	202.992	198.882
71	206.631	195.446
72	208.041	192.715
73	209.812	189.853
74	211.981	200.95
75	214.217	207.195
76	216.775	196.353
77	218.926	212.944
78	220.754	190.068
79	221.351	191.195
80	222.246	185.421
81	223.856	211.078
82	224.959	201.679
83	226.243	191.191
84	227.497	199.323
85	232.63	208.815
86	233.817	198.346
87	236.097	201.321
88	241.224	206.679
89	242.439	191.389
90	244.763	189.957
91	245.674	206.491
92	247.434	208.13
93	249.004	200.664
94	249.977	198.39
95	250.814	208.034
96	253.545	215.389
97	256.788	192.156
98	257.962	208.085
99	260.626	210.016
100	264.383	201.5
101	265.424	194.869
102	267.976	208.111
103	272.218	187.568
104	275.199	196.881
105	281.512	193.436
106	282.56	198.533
107	283.104	202.56
108	284.464	215.55
109	286.95	198.506
110	288.923	213.113
111	289.933	208.837
112	290.501	200.067
113	292.782	209.527
114	295.307	185.377
115	296.686	208.971
116	300.462	210.472
117	301.987	213.201
118	303.553	213.944
119	13.354	264.529
120	16.103	255.247
121	17.339	249.372
122	18.137	258.655
123	19.608	265.248
124	21.247	262.794
125	22.098	281.747
126	22.758	242.831
127	23.345	251.326
128	23.635	245.377
129	24.691	273.256
130	26.117	244.136
131	27.203	257.622
132	28.94	244.752
133	29.936	234.543
134	30.809	233.232
135	31.169	284.702
136	32.489	266.777
137	32.93	271.838
138	33.591	283.933
139	33.773	281.922
140	34.513	276.181
141	34.652	252.158
142	35.524	243.571
143	35.876	243.583
144	37.343	233.625
145	38.62	246.751
146	40.455	255.385
147	41.524	284.287
148	42.817	248.056
149	44.067	281.238
150	45.476	271.387
151	46.187	286.244
152	47.739	252.702
153	48.338	258.763
154	48.994	234.513
155	49.857	253.511
156	50.245	237.932
157	50.976	267.189
158	51.328	270.145
159	51.66	262.632
160	53.837	292.781
161	54.617	291.696
162	54.983	230.195
163	55.211	290.125
164	56.785	252.76
165	58.204	276.242
166	59.035	272.023
167	59.624	282.485
168	60.396	231.942
169	61.014	242.437
170	61.448	245.848
171	62.185	263.182
172	62.725	245.593
173	63.76	274.755
174	64.487	237.96
175	64.713	252.737
176	65.05	227.462
177	65.823	290.489
178	66.296	267.64
179	67.832	281.385
180	68.888	226.002
181	69.967	246.5
182	70.286	260.492
183	71.834	228.468
184	72.206	243.232
185	72.789	287.178
186	73.157	293.775
187	73.85	264.688
188	74.708	264.807
189	75.394	254.897
190	76.311	243.142
191	76.972	287.451
192	77.989	230.004
193	78.233	266.766
194	78.502	237.794
195	79.202	287.122
196	79.272	242.156
197	79.722	264.361
198	80.199	298.082
199	81.069	261.888
200	81.534	276.974
201	81.913	237.585
202	83.034	247.402
203	83.679	240.902
204	83.855	297.607
205	84.888	253.396
206	85.499	236.795
207	86.941	232.489
208	87.406	299.783
209	88.392	237.048
210	88.701	250.651
211	88.982	299.489
212	89.319	226.7
213	90.41	257.448
214	90.58	231.072
215	91.23	262.604
216	92.209	222.15
217	92.786	227.418
218	93.554	293.737
219	93.768	293.591
220	94.697	258.708
221	95.536	237.686
222	96.182	228.088
223	96.715	223.257
224	97.527	273.821
225	97.685	278.438
226	98.38	284.748
227	99.108	296.813
228	99.767	224.9
229	100.165	222.073
230	100.778	278.911
231	101.931	266.622
232	102.84	240.178
233	103.131	239.699
234	103.347	251.559
235	103.919	268.385
236	104.593	279.342
237	104.851	266.407
238	105.187	268.4
239	105.396	267.244
240	105.877	248.509
241	106.187	280.048
242	106.267	221.253
243	106.699	250.833
244	107.251	233.71
245	107.427	264.254
246	107.743	239.853
247	108.98	262.284
248	109.713	272.873
249	109.967	298.248
250	110.534	224.346
251	110.823	229.572
252	111.309	226.288
253	111.731	278.228
254	113.107	268.624
255	113.726	289.755
256	113.971	233.849
257	114.502	226.788
258	114.867	299.812
259	115.386	274.375
260	116.25	285.816
261	116.901	239.932
262	117.588	279.468
263	117.808	296.526
264	117.991	296.388
265	118.793	226.169
266	119.412	292.521
267	119.916	279.182
268	120.435	281.88
269	121.329	271.627
270	122.254	274.67
271	122.962	272.851
272	123.476	263.763
273	123.817	290.177
274	124.895	225.312
275	125.876	237.528
276	126.299	248.847
277	127.881	277.424
278	128.782	258.494
279	129.474	259.443
280	129.986	263.765
281	130.248	254.418
282	130.953	288.629
283	132.874	236.928
284	133.637	287.142
285	134.173	262.139
286	135.02	242.398
287	135.631	288.789
288	136.99	279.42
289	137.468	248.605
290	138.208	250.879
291	139.394	251.962
292	140.295	288.066
293	140.989	255.222
294	141.315	270.173
295	141.852	235.406
296	142.609	245.018
297	143.009	238.399
298	143.719	276.511
299	144.26	231.112
300	145.175	256.033
301	145.439	275.743
302	145.89	252.356
303	146.859	269.907
304	147.058	258.492
305	147.155	235.835
306	147.203	236.173
307	148.38	258.14
308	149.106	257.056
309	149.431	255.84
310	150.654	287.67
311	151.7	255.743
312	152.675	261.621
313	153.978	271.106
314	155.048	286.331
315	156.319	265.01
316	157.05	285.03
317	158.213	278.882
318	158.962	243.196
319	161.138	237.596
320	161.646	243.994
321	163.331	280.859
322	164.213	281.869
323	164.773	282.94
324	165.059	242.019
325	165.281	280.402
326	166.042	248.031
327	167.623	242.272
328	168.128	276.198
329	168.464	268.973
330	169.483	267.895
331	170.249	249.485
332	170.979	273.265
333	171.513	253.62
334	171.783	269.142
335	172.844	257.272
336	173.952	265.78
337	174.138	270.815
338	175.856	272.269
339	177.18	255.497
340	177.257	264.482
341	178.95	243.888
342	181.542	281.885
343	182.722	251.107
344	183.453	267.579
345	184.185	246.987
346	185.341	270.505
347	186.511	242.978
348	188.91	241.019
349	191.666	243.181
350	192.627	275.928
351	194.441	269.436
352	195.761	262.548
353	196.945	247.552
354	197.076	274.643
355	198.511	272.877
356	200.067	270.562
357	200.776	269.116
358	202.842	259.868
359	203.896	244.526
360	204.787	250.219
361	205.469	248.346
362	208.056	258.037
363	208.684	259.333
364	210.158	265.929
365	210.741	245.633
366	213.053	239.042
367	213.685	254.623
368	214.879	253.977
369	216.027	264.996
370	217.35	266.199
371	218.58	255.904
372	218.852	243.589
373	219.705	242.826
374	221.495	236.117
375	223.711	242.644
376	224.354	259.331
377	225.566	248.478
378	229.354	237.398
379	233.129	236.923
380	233.311	258.28
381	234.903	256.115
382	236.158	240.551
383	237.976	253.329
384	239.34	251.177
385	240.348	244.397
386	243.132	254.789
387	243.505	248.39
388	244.731	247.555
389	245.48	255.893
390	247.504	258.892
391	249.927	234.034
392	251.727	260.918
393	252.992	248.801
394	254.104	251.732
395	255.41	243.183
396	258.885	236.008
397	260.153	258.965
398	261.686	253.904
399	264.961	245.82
400	267.765	254.765
401	271.931	253.244
402	272.186	246.484
403	273.159	248.205
404	274.679	256.092
405	276.12	238.06
406	277.313	240.625
407	278.117	262.051
408	280.711	258.076
409	281.716	246.601
410	281.94	236.785
411	282.711	249.692
412	283.115	263.584
413	283.983	257.348
414	284.543	263.316
415	287.046	262.162
416	288.927	260.541
417	289.315	255.218
418	289.943	250.361
419	291.608	267.339
420	291.955	267.281
421	292.398	252.325
422	293.017	255.158
423	295.004	260.365
424	296.183	237.238
425	297.623	252.161
426	298.424	264.142
427	299.807	263.045
428	300.557	269.025
429	304.204	271.556
430	307.425	274.677
431	308.161	273.136
432	308.928	247.987
433	310.057	251.42
434	313.136	266.045
435	313.672	247.666
436	314.848	254.205
437	317.095	273.844
438	318.449	266.77
439	318.858	277.693
440	320.149	245.128
441	320.88	254.928
442	321.587	243.537
443	323.345	257.64
444	324.518	243.11
445	325.259	254.743
446	326.596	254.017
447	327.833	249.55
448	328.233	263.65
449	329.356	264.379
450	331.098	264.241
451	333.338	276.376
452	334.236	263.988
453	335.585	269.761
454	336.776	245.851
455	337.25	243.518
456	338.656	262.053
457	339.143	237.759
458	340.372	273.623
459	341.517	282.249
460	342.655	280.406
461	343.522	269.317
462	344.314	252.462
463	344.967	243.995
464	347.038	255.476
465	347.652	285.927
466	348.419	273.871
467	348.735	244.499
468	349.448	246.822
469	349.757	286.903
470	349.886	271.844
471	351.663	274.561
472	352.21	235.047
473	352.711	252.672
474	354.288	235.336
475	354.766	253.537
476	356.356	250.344
477	356.632	270.577
478	357.71	243.756
479	358.554	270.689
480	358.852	276.35
481	360.086	259.86
482	360.788	271.746
483	362.224	276.787
484	362.946	254.075
485	363.594	272.175
486	363.749	296.325
487	364.26	266.056
488	365.446	264.773
489	365.78	289.731
490	367.157	276.706
491	367.698	278.978
492	368.132	265.631
493	368.667	235.202
494	369.802	277.56
495	370.829	225.197
496	372.405	228.113
497	373.835	270.518
498	374.024	269.535
499	374.702	226.626
500	375.341	276.45
501	376.196	241.588
502	376.595	237.067
503	377.026	266.93
504	377.092	248.07
505	377.393	220.006
506	377.831	248.255
507	378.371	274.317
508	378.5	240.02
509	379.145	225.451
510	379.454	269.72
511	379.639	234.918
512	381.229	286.043
513	381.421	267.62
514	381.813	230.739
515	382.338	262.01
516	382.845	234.506
517	383.098	241.973
518	383.557	292.124
519	384.073	230.751
520	384.686	262.532
521	385.559	291.054
522	386.265	300.405
523	386.731	275.618
524	387.253	226.958
525	387.448	226.627
526	387.822	289.82
527	388.107	260.38
528	388.736	233.743
529	388.97	291.242
530	389.399	243.022
531	390.715	226.094
532	392.665	264.428
533	393.032	288.458
534	394.425	298.366
535	394.91	252.065
536	395.928	301.856
537	396.136	276.809
538	396.765	263.377
539	397.189	235.132
540	397.463	229.396
541	397.862	259.51
542	398.33	243.374
543	398.63	235.251
544	399.487	228.996
545	400.102	245.483
546	400.213	246.726
547	400.6	276.768
548	401.105	273.561
549	401.597	254.28
550	402.147	286.638
551	402.891	297.832
552	404.28	297.829
553	404.364	291.647
554	404.952	289.539
555	405.164	293.44
556	405.487	295.939
557	405.846	282.933
558	406.319	231.514
559	406.818	266.06
560	408.352	273.228
561	409.058	243.858
562	409.322	255.152
563	409.623	289.933
564	409.888	269.07
565	410.876	287.778
566	411.207	262.768
567	411.46	247.458
568	412.459	236.835
569	413.229	275.968
570	413.701	227.171
571	414.651	238.275
572	414.779	235.505
573	415.267	261.513
574	416.077	257.898
575	416.318	282.917
576	416.889	291.509
577	417.761	268.451
578	418.445	259.976
579	419.217	268.525
580	420.531	291.445
581	420.635	232.499
582	420.819	276.785
583	421.354	250.434
584	421.532	231.376
585	421.91	293.441
586	422.133	292.868
587	423.156	234.235
588	424.009	252.468
589	424.881	241.292
590	425.677	279.174
591	426.503	250.416
592	426.682	246.638
593	427.451	233.268
594	429.061	266.166
595	429.557	277.432
596	430.013	234.895
597	430.835	247.6
598	432.029	267.743
599	432.396	237.085
600	433.005	254.057
601	433.448	245.556
602	434.83	289.099
603	435.734	248.008
604	436.958	238.21
605	437.521	286.103
606	437.817	256.183
607	438.218	231.246
608	438.6	236.97
609	439.448	240.77
610	440.103	251.244
611	440.686	266.626
612	441.449	238.77
613	441.867	233.186
614	442.566	237.036
615	443.651	239.602
616	444.093	253.062
617	445.336	273.26
618	446.434	246.71
619	446.862	244.73
620	447.864	238.768
621	449.021	240.921
622	449.613	253.74
623	451.683	265.286
624	452.213	242.38
625	453.724	258.44
626	454.921	263.766
627	455.359	280.24
628	456.722	272.881
629	457.717	265.404
630	458.617	240.381
631	459.11	263.377
632	459.967	275.32
633	460.796	266.038
634	461.696	277.385
635	463.472	260.844
636	464.852	273.706
637	466.705	261.183
638	20.026	88.356
639	20.925	67.44
640	22.487	51.786
641	22.816	79.416
642	23.583	45.891
643	24.731	71.788
644	25.363	83.041
645	25.619	35.879
646	25.866	104.418
647	26.267	98.659
648	27.143	86.854
649	27.569	63.439
650	28.136	52.202
651	28.708	70.1
652	30.002	86.534
653	30.529	50.283
654	31.439	59.06
655	31.778	31.64
656	32.362	60.976
657	33.102	42.576
658	33.816	63.395
659	34.528	42.59
660	35.083	82.876
661	35.587	35.094
662	35.876	84.028
663	36.332	44.874
664	38.016	63.307
665	38.977	101.356
666	39.977	35.651
667	40.739	101.634
668	41.284	99.463
669	41.571	70.988
670	42.029	96.977
671	42.703	42.245
672	43.616	99.011
673	44.274	97.434
674	44.549	96.843
675	45.227	64.844
676	46.879	105.358
677	47.229	41.339
678	47.812	73.61
679	48.172	37.776
680	48.445	101.597
681	48.882	96.462
682	49.213	37.181
683	50.837	68.983
684	52.087	39.576
685	52.683	97.493
686	52.851	70.693
687	53.586	44.759
688	53.813	74.661
689	54.275	39.558
690	54.604	68.79
691	55.701	41.258
692	56.304	103.478
693	56.559	48.611
694	57.978	73.95
695	58.987	83.099
696	59.405	72.465
697	60.345	84.563
698	60.88	56.087
699	61.323	91.239
700	61.968	78.091
701	62.304	41.51
702	63.227	76.938
703	64.075	76.453
704	65.2	45.738
705	65.767	74.248
706	66.027	59.45
707	66.414	49.308
708	67.068	54.264
709	67.789	33.516
710	68.005	90.836
711	68.44	84.09
712	69.243	73.506
713	69.941	67.454
714	70.515	76.681
715	70.619	68.005
716	71.443	62.345
717	72.225	73.661
718	72.823	55.906
719	73.081	57.281
720	74.597	88.148
721	74.891	92.013
722	75.352	42.168
723	76.402	46.526
724	76.924	97.468
725	77.354	42.696
726	77.609	49.547
727	77.998	51.452
728	78.273	67.935
729	78.672	81.344
730	79.841	37.471
731	80.276	99.507
732	80.807	66.626
733	81.264	37.297
734	82.573	43.318
735	82.845	62.738
736	84.769	33.369
737	84.95	46.428
738	85.31	69.209
739	85.528	43.019
740	86.174	87.7
741	87.064	45.155
742	87.264	41.933
743	87.621	79.009
744	88.04	42.651
745	88.358	83.503
746	88.661	50.492
747	89.681	62.352
748	89.819	35.2
749	90.149	80.837
750	90.417	86.464
751	91.178	93.144
752	92.234	58.324
753	93.43	69.424
754	93.843	43.443
755	94.526	86.049
756	95.324	53.04
757	95.511	60.079
758	96.416	65.625
759	97.569	67.92
760	98.308	100.305
761	99.007	36.435
762	99.209	63.846
763	99.495	57.019
764	100.154	79.893
765	101.63	77.737
766	102.822	77.927
767	103.06	40.985
768	103.86	81.621
769	104.769	81.393
770	106.071	100.828
771	106.567	76.381
772	107.638	40.477
773	108.238	49.247
774	108.426	78.291
775	109.009	50.542
776	109.879	93.396
777	111.307	36.873
778	111.949	77.803
779	112.188	68.448
780	112.91	82.451
781	113.441	72.41
782	113.821	42.075
783	114.246	94.967
784	114.784	36.421
785	115.213	73.147
786	115.343	41.516
787	115.8	47.128
788	116.291	63.513
789	116.894	38.559
790	117.562	65.505
791	117.75	43.494
792	118.667	84.298
793	119.687	80.956
794	120.488	97.901
795	121.28	94.189
796	122.338	60.263
797	123.958	88.871
798	124.635	97.045
799	124.823	56.081
800	126.011	49.435
801	126.736	61.51
802	126.961	78.826
803	127.27	76.188
804	128.959	67.193
805	129.687	75.267
806	131.082	49.239
807	131.513	92.707
808	131.874	48.172
809	132.207	70.671
810	132.473	78.561
811	132.883	82.874
812	133.179	90.397
813	133.755	93.225
814	134.411	80.027
815	136.888	63.247
816	137.557	82.487
817	138.322	52.055
818	139.097	88.59
819	139.247	52.484
820	139.864	81.763
821	140.329	90.265
822	140.81	52.179
823	141.162	61.581
824	141.492	92.94
825	142.308	63.537
826	143.042	57.887
827	144.075	50.124
828	145.616	70.385
829	146.775	77.422
830	147.703	84.201
831	148.922	42.972
832	149.038	75.295
833	149.587	42.701
834	149.917	59.291
835	152.073	43.234
836	152.474	95.42
837	152.883	71.206
838	153.719	87.626
839	154.131	96.51
840	154.392	46.112
841	154.686	39.223
842	155.18	69.093
843	156.204	81.21
844	156.851	91.208
845	157.62	88.902
846	158.011	88.12
847	158.285	88.965
848	158.606	42.57
849	161.177	77.037
850	161.465	71.657
851	162.31	89.163
852	163.53	88.975
853	163.767	65.833
854	165.344	62.451
855	167.697	82.038
856	168.233	60.035
857	168.664	54.343
858	169.22	83.732
859	170.695	75.392
860	170.993	67.087
861	171.253	69.994
862	171.6	72.319
863	172.086	54.77
864	174.307	63.59
865	174.961	51.181
866	175.306	57.132
867	175.675	85.154
868	176.225	60.676
869	177.422	48.042
870	178.532	38.528
871	179.289	38.267
872	180.322	61.561
873	182.166	40.855
874	182.69	50.331
875	183.39	85.896
876	183.61	68.512
877	184.591	76.374
878	185.472	74.38
879	185.61	77.854
880	185.938	60.224
881	186.136	61.699
882	186.442	64.75
883	186.704	91.046
884	187.69	62.835
885	187.95	91.721
886	188.717	59.453
887	189.725	55.706
888	190.862	47.475
889	191.617	93.426
890	192.774	57.081
891	193.39	69.729
892	194.738	88.856
893	194.948	85.251
894	196.382	61.135
895	197.382	91.451
896	198.151	70.459
897	198.896	92.014
898	199.346	45.374
899	200.184	90.579
900	200.288	71.313
901	201.004	94.303
902	202.27	44.882
903	203.374	66.095
904	205.069	75.118
905	205.719	50.086
906	206.605	39.759
907	207.196	44.224
908	208.581	88.991
909	209.378	74.42
910	210.508	66.553
911	211.211	87.259
912	212.047	62.406
913	213.648	56.196
914	214.136	52.492
915	215.333	62.461
916	215.711	51.128
917	216.664	89.533
918	216.957	58.002
919	217.56	89.709
920	218.142	62.487
921	218.712	62.188
922	219.774	43.489
923	220.216	86.898
924	220.599	79.91
925	222.071	52.333
926	223.48	72.01
927	224.339	72.518
928	225.532	41.204
929	226.199	90.138
930	226.773	53.108
931	227.091	49.349
932	229.049	72.15
933	229.812	56.575
934	230.128	74.606
935	232.164	81.685
936	233.352	61.882
937	234.184	72.322
938	234.561	68.49
939	235.12	63.464
940	236.365	58.842
941	237.963	43.493
942	239.496	52.424
943	240.379	79.313
944	241.285	56.515
945	242.707	86.626
946	243.848	73.486
947	244.328	50.502
948	245.503	58.238
949	247.604	88.236
950	249.017	75.836
951	249.916	41.877
952	250.626	76.032
953	251.214	75.53
954	252.941	78.521
955	256.725	44.221
956	257.692	79.27
957	258.448	43.265
958	259.4	60.697
959	260.526	64.885
960	260.949	61.861
961	262.137	65.716
962	263.49	68.789
963	264.564	83.02
964	265.939	85.714
965	267.149	71.208
966	267.577	64.794
967	268.566	64.402
968	268.832	62.947
969	270.193	61.842
970	270.907	75.431
971	272.251	76.767
972	274.057	57.467
973	274.713	56.921
974	275.826	85.578
975	276.736	55.24
976	276.994	50.804
977	278.203	44.936
978	278.654	80.64
979	279.981	85.693
980	280.538	46.481
981	281.017	46.503
982	281.581	52.053
983	281.775	56.956
984	282.448	83.449
985	284.784	85.639
986	285.346	84.195
987	285.816	83.059
988	286.705	87.379
989	287.922	68.7
990	288.775	55.605
991	290.721	72.844
992	291.944	48.623
993	293.111	66.996
994	295.278	57.284
995	297.164	81.626
996	297.622	77.822
997	300.619	54.293
998	301.24	67.744
999	302.009	45.413
1000	302.212	71.154
1001	303.245	71.639
1002	304.637	46.342
1003	305.991	68.517
1004	307.776	63.824
1005	308.773	64.917
1006	309.122	66.194
1007	310.161	77.431
1008	311.262	80.928
1009	312.144	76.836
1010	312.881	78.538
1011	314.322	61.281
1012	315.441	46.009
1013	316.111	67.115
1014	318.039	67.135
1015	320.769	74.333
1016	322.16	78.744
1017	323.978	50.357
1018	326.427	72.615
1019	327.47	59.251
1020	328.444	61.955
1021	329.155	45.002
1022	330.036	80.932
1023	331.706	48.948
1024	334.272	46.132
1025	335.207	50.155
1026	336.559	52.831
1027	337.243	55.359
1028	338.274	74.516
1029	339.262	48.903
1030	340.858	74.988
1031	341.722	79.242
1032	342.302	67.469
1033	343.49	81.079
1034	344.244	49.789
1035	346.019	48.244
1036	347.603	67.166
1037	348.298	63.024
1038	349.743	76.385
1039	350.902	48.533
1040	351.801	78.05
1041	352.975	72.493
1042	354.22	70.427
1043	355.118	71.092
1044	356.428	78.265
1045	357.412	70.52
1046	357.851	57.674
1047	361.262	61.678
1048	362.116	74.956
1049	363.833	69.576
1050	364.162	50.608
1051	365.168	70.519
1052	366.817	79.558
1053	367.494	63.749
1054	368.624	70.051
1055	369.742	53.672
1056	370.865	76.36
1057	371.122	77.172
1058	371.939	70.299
1059	372.808	54.15
1060	373.894	74.103
1061	375.607	75.367
1062	375.795	64.978
1063	378.162	76.049
1064	379.772	73.963
1065	381.339	78.152
1066	381.711	64.804
1067	384.332	69.501
1068	386.181	48.463
1069	387.533	49.403
1070	388.474	48.509
1071	389.93	73.889
1072	390.384	59.937
1073	391.786	72.13
1074	392.926	63.488
1075	393.553	67.943
1076	394.626	78.583
1077	395.643	65.311
1078	396.715	61.735
1079	399.499	55.847
1080	400.204	61.959
1081	400.882	48.857
1082	401.445	53.554
1083	401.961	72.637
1084	402.865	50.064
1085	404.213	58.824
1086	405.133	59.514
1087	406.462	75.161
1088	407.734	61.151
1089	409.517	76.146
1090	410.738	55.98
1091	412.46	48.352
1092	414.745	59.642
1093	416.578	58.682
1094	417.472	72.913
1095	419.479	61.671
1096	421.539	65.509
1097	422.855	57.896
1098	423.308	72.312
1099	424.876	63.659
1100	427.301	52.866
1101	428.306	56.496
1102	429.491	63.914
1103	431.457	51.741
1104	431.817	52.7
1105	433.348	54.709
1106	434.718	55.796
1107	435.7	59.384
1108	436.188	52.454
1109	438.046	50.671
1110	439.489	51.076
1111	440.297	51.044
1112	442.533	59.002
1113	444.359	57.847
1114	445.847	63.321
1115	447.009	53.556
1116	448.248	59.269
1117	449.252	55.079
1118	451.058	56.084
1119	452.231	60.751
1120	455.288	73.972
1121	480.872	334.831
1122	485.216	241.477
1123	486.035	325.079
1124	486.356	232.863
1125	486.759	278.795
1126	487.7	327.89
1127	488.121	266.233
1128	488.824	188.719
1129	489.661	208.594
1130	490.141	317.891
1131	491.006	262.795
1132	491.867	273.072
1133	492.522	349.435
1134	493.272	348.466
1135	493.839	175.772
1136	494.508	372.029
1137	494.83	174.778
1138	495.311	262.529
1139	495.699	232.135
1140	495.73	175.982
1141	496.058	311.919
1142	496.213	346.151
1143	497.08	251.411
1144	497.592	277.648
1145	498.615	321.004
1146	499.348	327.046
1147	500.261	264.723
1148	500.896	228.076
1149	502.061	308.524
1150	502.412	273.52
1151	503.806	193.192
1152	505.413	338.048
1153	506.234	203.63
1154	506.661	272.982
1155	507.103	198.025
1156	507.867	231.304
1157	508.158	194.442
1158	508.522	181.015
1159	509.631	331.831
1160	510.06	299.833
1161	510.995	164.336
1162	511.274	185.284
1163	512.052	330.97
1164	512.474	312.885
1165	512.707	363.166
1166	513.433	272.337
1167	513.942	309.618
1168	514.896	338.554
1169	515.489	181.802
1170	515.637	172.259
1171	515.971	168.484
1172	516.882	243.334
1173	517.255	357.003
1174	517.496	170.072
1175	517.887	375.45
1176	518.631	258.059
1177	518.912	262.173
1178	519.05	275.865
1179	521.297	365.091
1180	521.577	324.102
1181	521.922	265.562
1182	522.173	361.623
1183	522.66	266.664
1184	523.306	331.784
1185	523.525	289.952
1186	524.095	255.166
1187	525.058	322.106
1188	525.683	310.979
1189	526.41	204.544
1190	526.837	185.48
1191	527.096	366.064
1192	527.808	306.467
1193	528.442	254.458
1194	529.27	198.847
1195	529.626	263.193
1196	530.131	166.028
1197	530.802	293.405
1198	531.122	365.629
1199	531.457	227.77
1200	531.702	296.293
1201	532.02	283.149
1202	532.132	199.358
1203	532.647	326.492
1204	532.878	234.675
1205	533.192	160.673
1206	533.877	220.304
1207	534.15	274.941
1208	534.923	201.415
1209	535.435	167.846
1210	535.984	204.646
1211	536.212	234.512
1212	536.616	227.524
1213	536.745	174.493
1214	537.329	309.338
1215	537.521	244.539
1216	538.817	379.651
1217	539.194	278.559
1218	539.774	172.602
1219	539.844	314.595
1220	540.037	277
1221	540.395	329.338
1222	540.609	163.443
1223	540.875	203.393
1224	541.6	359.202
1225	541.962	207.813
1226	543.076	233.018
1227	543.266	165.854
1228	544.265	350.96
1229	544.443	172.071
1230	545.03	301.581
1231	545.303	301.635
1232	545.665	172.952
1233	545.98	364.976
1234	546.914	359.652
1235	548.245	348.933
1236	548.338	342.74
1237	548.628	227.947
1238	549.035	290.121
1239	549.559	170.365
1240	549.987	290.017
1241	552.43	368.72
1242	20.163	135.455
1243	22.54	133.792
1244	23.601	139.432
1245	27.562	131.582
1246	29.526	136.135
1247	32.592	135.646
1248	34.601	149.79
1249	38.274	145.324
1250	40.537	149.816
1251	46.921	131.675
1252	48.715	151.548
1253	54.139	129.718
1254	54.596	127.531
1255	55.752	131.06
1256	56.923	131.517
1257	57.837	132.443
1258	58.408	132.9
1259	59.909	131.622
1260	61.463	133.798
1261	63.28	128.257
1262	65.549	138.53
1263	68.142	144.341
1264	70.974	135.507
1265	71.675	126.72
1266	73.756	131.251
1267	75.71	129.162
1268	76.753	144.234
1269	78.764	145.557
1270	81.256	146.509
1271	82.402	142.087
1272	83.626	142.361
1273	84.094	124.809
1274	88.248	151.101
1275	89.82	147.771
1276	90.21	124.418
1277	91.216	127.902
1278	92.038	147.397
1279	94.98	123.231
1280	97.174	149.764
1281	99.236	140.842
1282	99.415	132.784
1283	100.697	148.987
1284	101.718	151.445
1285	102.192	128.267
1286	102.345	156.875
1287	104.671	131.178
1288	105.947	120.576
1289	106.423	153.835
1290	109.149	137.643
1291	110.612	143.044
1292	112.654	145.227
1293	113.741	153.157
1294	117.786	150.827
1295	120.133	119.53
1296	122.344	126.998
1297	122.97	130.338
1298	124.424	123.629
1299	126.069	150.593
1300	128.502	137.405
1301	129.8	148.397
1302	130.996	142.945
1303	132.985	139.085
1304	138.954	151.225
1305	139.725	142.143
1306	141.033	136.615
1307	143.928	119.499
1308	145.088	127.996
1309	147.137	145.576
1310	150.874	143.991
1311	151.57	132.643
1312	152.641	126.352
1313	154.816	124.228
1314	155.562	137.586
1315	156.685	116.021
1316	159.459	159.694
1317	160.652	135.253
1318	161.822	145.008
1319	163.865	133.157
1320	164.448	146.123
1321	166.413	127.977
1322	167.876	124.219
1323	168.858	116.553
1324	170.047	154.26
1325	174.158	123.771
1326	176.448	134.225
1327	178.697	124.466
1328	179.603	125.417
1329	180.723	152.672
1330	183.14	149.104
1331	185.67	143.05
1332	189.056	120.449
1333	190.099	136.46
1334	191.786	116.852
1335	192.382	128.013
1336	193.626	133.698
1337	194.39	114.376
1338	195.738	135.992
1339	198.6	155.586
1340	199.467	135.352
1341	200.434	114.484
1342	203.988	141.826
1343	206.186	119.585
1344	206.79	126.155
1345	207.826	144.105
1346	208.591	129.315
1347	211.667	148.61
1348	212.739	151.245
1349	213.784	159.809
1350	216.198	138.852
1351	217.273	132.778
1352	219.627	133.476
1353	220.024	150.138
1354	221.087	124.243
1355	221.448	112.89
1356	222.243	128.54
1357	223.322	146.254
1358	225.3	119.518
1359	226.192	115.616
1360	227.152	111.342
1361	228.003	115.449
1362	229.062	118.111
1363	231.865	119.5
1364	232.564	123.819
1365	233.056	159.382
1366	233.971	122.505
1367	235.537	139.907
1368	236.322	150.657
1369	237.016	144.844
1370	238.188	151.559
1371	238.685	156.991
1372	240.516	150.911
1373	242.275	148.436
1374	242.966	156.867
1375	243.745	144.246
1376	244.482	156.06
1377	244.964	156.2
1378	246.113	148.951
1379	246.408	153.451
1380	248.583	110.92
1381	249.141	141.036
1382	249.995	130.426
1383	251.757	134.636
1384	252.769	149.487
1385	254.687	119.377
1386	254.895	159.468
1387	255.668	135.436
1388	256.683	135.129
1389	257.022	148.442
1390	258.886	143.29
1391	261.13	150.724
1392	261.35	123.095
1393	262.475	151.48
1394	263.424	154.39
1395	264.568	132.859
1396	265.271	136.056
1397	265.645	148.981
1398	266.535	126.489
1399	268.389	149.466
1400	268.992	128.756
1401	270.461	159.535
1402	272.095	116.329
1403	272.8	131.06
1404	273.96	112.132
1405	274.629	126.368
1406	275.433	159.832
1407	276.017	155.483
1408	276.4	147.304
1409	277.327	152.237
1410	278.876	160.939
1411	280.239	133.911
1412	280.972	135.362
1413	281.773	151.874
1414	282.664	137.674
1415	285.095	110.859
1416	286.109	146.389
1417	287.04	161.174
1418	287.998	162.888
1419	288.741	127.745
1420	289.269	146.349
1421	290.278	120.803
1422	290.594	126.369
1423	291.729	141.952
1424	292.221	147.908
1425	293.231	160.734
1426	294.203	111.993
1427	294.478	144.722
1428	297.582	126.619
1429	298.336	152.056
1430	300.213	149.197
1431	300.479	111.716
1432	301.491	125.282
1433	301.988	147.122
1434	303.514	128.15
1435	304.495	148.12
1436	304.844	150.956
1437	305.023	146.022
1438	305.32	117.454
1439	306.886	158.827
1440	308.903	133.036
1441	309.514	108.966
1442	310.989	149.599
1443	312.728	131.854
1444	313.972	138.096
1445	314.744	123.795
1446	315.034	162.594
1447	318.113	119.776
1448	318.642	125.897
1449	320.046	142.62
1450	321.235	110.232
1451	323.767	137.205
1452	325.108	149.343
1453	326.088	157.696
1454	326.944	115.167
1455	327.722	108.153
1456	328.09	119.36
1457	328.568	125.463
1458	328.882	133.027
1459	329.07	130.705
1460	331.298	150.178
1461	332.78	117.426
1462	332.962	139.875
1463	333.176	142.43
1464	334.072	145.903
1465	334.732	118.522
1466	335.609	112.523
1467	336.048	106.842
1468	336.464	109.636
1469	337.301	121.584
1470	338.975	142.92
1471	340.076	140.209
1472	340.733	130.657
1473	341.432	148.501
1474	342.143	135.803
1475	342.561	118.268
1476	342.76	159.119
1477	343.347	120.624
1478	345.759	112.959
1479	346.177	142.695
1480	347.01	162.25
1481	348.324	155.248
1482	348.847	121.319
1483	349.27	104.102
1484	350.268	155.018
1485	351.355	130.904
1486	352.184	116.145
1487	352.6	153.59
1488	353.529	165.407
1489	353.965	109.725
1490	354.898	104.62
1491	355.471	131.498
1492	356.412	115.175
1493	357.903	159.996
1494	358.739	148.101
1495	359.707	110.247
1496	360.877	135.827
1497	361.789	151.029
1498	362.986	105.904
1499	363.991	161.374
1500	364.349	124.248
1501	365.072	123.332
1502	365.712	109.745
1503	366.139	161.967
1504	367.357	157.376
1505	368.109	148.878
1506	370.159	132.535
1507	370.341	122.888
1508	371.905	151.124
1509	372.141	146.876
1510	372.809	101.883
1511	373.572	124.196
1512	374.806	110.627
1513	375.012	166.118
1514	375.493	148.985
1515	375.997	128.038
1516	376.54	115.948
1517	377.539	134.109
1518	379.408	133.052
1519	379.881	147.462
1520	380.49	164.797
1521	380.935	116.036
1522	381.989	104.546
1523	382.408	128.653
1524	383.107	109.26
1525	383.366	158.673
1526	383.876	166.926
1527	384.802	112.571
1528	385.689	126.766
1529	386.499	126.074
1530	386.875	149.056
1531	388.105	141.878
1532	389.451	102.493
1533	391.529	106.554
1534	392.474	158.959
1535	393.363	160.461
1536	393.913	162.008
1537	394.391	144.514
1538	394.913	107.693
1539	395.405	137.845
1540	395.852	135.215
1541	396.776	119.499
1542	397.641	139.632
1543	399.164	105.794
1544	399.918	165.557
1545	401.254	134.953
1546	402.096	162.859
1547	402.61	108.187
1548	403.609	147.19
1549	405.196	157.791
1550	405.949	154.721
1551	406.65	161.996
1552	408.269	136.817
1553	409.474	109.904
1554	411.081	110.178
1555	412.274	164.404
1556	413.416	142.217
1557	413.929	153.953
1558	414.675	155.706
1559	415.76	158.422
1560	415.947	148.758
1561	417.508	159.855
1562	418.315	141.355
1563	419.537	148.749
1564	420.437	134.559
1565	420.996	156.976
1566	421.305	104.089
1567	421.528	107.615
1568	423.015	155.494
1569	423.708	124.388
1570	424.648	154.398
1571	425.93	147.334
1572	426.891	113.192
1573	427.803	109.824
1574	429.384	98.402
1575	429.747	111.753
1576	430.327	117.361
1577	431.114	166.059
1578	431.724	114.938
1579	432.267	156.525
1580	432.536	117.196
1581	433.09	104.252
1582	434.12	115.038
1583	435.246	158.305
1584	435.818	162.484
1585	436.959	147.122
1586	438.152	137.398
1587	438.75	98.508
1588	439.579	169.047
1589	439.691	141.413
1590	440.249	117.888
1591	442.137	130.39
1592	442.7	167.665
1593	443.017	137.065
1594	443.897	163.984
1595	444.519	96.789
1596	445.233	127.048
1597	445.52	112.532
1598	446.048	104.647
1599	446.788	124.089
1600	447.624	107.356
1601	448.034	107.531
1602	448.515	169.29
1603	449.34	132.426
1604	449.89	94.756
1605	450.602	154.409
1606	451.759	127.084
1607	452.486	136.176
1608	452.895	98.269
1609	454.448	155.473
1610	454.853	146.684
1611	19.63	349.476
1612	22.691	367.157
1613	23.878	357.674
1614	25.846	359.834
1615	26.461	342.387
1616	27.403	350.942
1617	29.272	353.44
1618	31.412	383.076
1619	32.358	371.62
1620	33.132	371.771
1621	33.892	337.602
1622	35.6	383.954
1623	37.084	333.971
1624	37.494	335.178
1625	38.315	359.756
1626	38.604	396.243
1627	39.737	361.884
1628	40.679	388.344
1629	41.653	319.618
1630	42.345	394.862
1631	43.797	340.708
1632	44.178	332.407
1633	44.706	365.156
1634	46.428	355.147
1635	47.515	356.629
1636	48.115	342.562
1637	49.459	350.855
1638	50.221	334.949
1639	51.055	379.387
1640	52.212	327.486
1641	53.565	363.259
1642	54.699	345.209
1643	56.059	385.797
1644	57.262	381.326
1645	59.588	357.893
1646	61.471	379.243
1647	61.998	387.088
1648	63.099	339.609
1649	64.309	352.468
1650	64.903	367.009
1651	65.812	393.432
1652	66.669	364.468
1653	67.612	375.903
1654	68.008	383.416
1655	68.789	372.091
1656	71.037	360.484
1657	73.94	345.452
1658	74.735	339.028
1659	75.428	379.489
1660	76.856	362.964
1661	78.884	351.998
1662	79.65	373.082
1663	81.327	329.31
1664	82.628	386.988
1665	83.23	367.24
1666	83.711	341.459
1667	84.957	388.822
1668	85.27	389.035
1669	86.209	368.775
1670	87.567	398.195
1671	91.831	373.494
1672	92.391	365.471
1673	92.829	375.571
1674	94.331	374.994
1675	95.679	355.861
1676	98.554	327.855
1677	100.356	343.139
1678	101.355	392.531
1679	102.682	396.718
1680	103.281	392.931
1681	104.011	363.262
1682	104.786	331.155
1683	105.121	344.324
1684	106.15	372.175
1685	108.516	334.433
1686	108.74	389.766
1687	109.958	400.941
1688	111.22	345.926
1689	112.781	389.315
1690	113.842	391.853
1691	114.926	340.23
1692	115.261	349.419
1693	116.562	346.507
1694	116.922	394.277
1695	118.894	334.391
1696	119.6	375.124
1697	120.381	370.344
1698	120.825	334.534
1699	122.749	338.957
1700	125.508	353.338
1701	126.19	382.555
1702	127.186	365.922
1703	127.912	353.864
1704	128.304	353.219
1705	129.391	328.166
1706	130.542	349.603
1707	130.862	372.719
1708	131.724	353.369
1709	132.643	327.94
1710	133.877	379.068
1711	134.885	329.977
1712	135.315	357.724
1713	137.015	340.944
1714	137.442	367.477
1715	138.355	394.453
1716	139.28	378.471
1717	140.046	371.254
1718	140.794	348.667
1719	141.719	382.129
1720	143.696	389.256
1721	144.511	391.301
1722	145.283	382.486
1723	146.735	363.463
1724	147.796	323.203
1725	148.646	373.737
1726	149.749	394.613
1727	150.137	343.403
1728	152.39	373.589
1729	152.761	398.566
1730	154.49	389.909
1731	155.075	357.295
1732	157.744	325.818
1733	159.24	376.091
1734	160.202	380.371
1735	161.99	365.087
1736	162.862	339.485
1737	164.314	341.107
1738	164.805	318.129
1739	166.374	340.962
1740	168.254	391.485
1741	169.13	392.663
1742	171.751	373.785
1743	173.256	389.621
1744	173.481	384.481
1745	174.257	314.826
1746	174.701	329.036
1747	175.309	345.168
1748	175.93	353.58
1749	177.14	368.486
1750	177.867	371.715
1751	178.184	317.635
1752	179.134	323.988
1753	179.369	326.522
1754	180.012	381.236
1755	180.725	330.761
1756	181.608	343.612
1757	183.608	384.239
1758	184.551	356.24
1759	184.854	326.746
1760	185.522	318.843
1761	185.979	381.037
1762	186.061	333.279
1763	187.069	317.164
1764	187.73	337.019
1765	188.529	309.77
1766	189.777	336.671
1767	192.081	334.49
1768	192.965	370.724
1769	193.226	383.806
1770	194.004	345.934
1771	194.615	317.75
1772	195.402	318.689
1773	195.7	341.63
1774	197.125	358.948
1775	197.687	384.699
1776	198.43	396.933
1777	199.645	359.01
1778	200.389	367.112
1779	201.408	333.623
1780	202.13	369.695
1781	203.031	304.539
1782	203.492	344.555
1783	203.626	332.286
1784	205.471	360.552
1785	205.983	354.271
1786	207.846	313.296
1787	208.828	347.435
1788	210.178	381.39
1789	211.081	346.189
1790	212.218	352.546
1791	212.441	335.582
1792	212.709	346.273
1793	212.975	355.365
1794	213.517	328.602
1795	214.337	383.732
1796	214.778	352.766
1797	215.837	395.339
1798	216.275	344.837
1799	216.691	299.908
1800	217.011	348.172
1801	217.927	376.302
1802	218.218	369.903
1803	219.168	338.646
1804	219.975	381.722
1805	220.203	342.417
1806	221.014	313.268
1807	221.483	335.171
1808	222.342	310.161
1809	223.5	331.001
1810	223.912	299.244
1811	224.663	400.324
1812	224.856	382.039
1813	226.199	343.957
1814	227.477	336.655
1815	228.534	347.878
1816	229.163	368.545
1817	229.257	397.519
1818	229.736	305.988
1819	232.237	391.361
1820	232.926	374.289
1821	233.61	292.224
1822	234.479	299.916
1823	234.85	371.915
1824	235.435	317.97
1825	235.89	309.186
1826	236.433	366.293
1827	237.501	326.768
1828	238.334	302.021
1829	238.515	307.758
1830	239.226	356.51
1831	239.499	341.685
1832	240.196	336.499
1833	240.473	368.099
1834	241.59	342.149
1835	241.891	381.061
1836	242.966	390.113
1837	243.324	285.619
1838	244.477	382.524
1839	244.779	381.582
1840	245.247	285.977
1841	246.079	326.126
1842	247.13	318.996
1843	247.822	333.245
1844	248.125	346.789
1845	248.591	292.215
1846	249.807	311.445
1847	250.294	351.677
1848	251.711	366.227
1849	252.868	284.662
1850	253.215	385.3
1851	253.658	282.454
1852	253.755	322.149
1853	254.04	389.891
1854	254.356	327.074
1855	255.184	364.71
1856	255.626	399.492
1857	255.924	311.035
1858	256.963	381.075
1859	257.238	289.789
1860	258.056	330.499
1861	259.155	373.736
1862	259.768	309.523
1863	259.905	281.671
1864	261.23	299.372
1865	262.001	361.898
1866	262.411	357.32
1867	263.693	305.648
1868	263.977	305.759
1869	264.761	377.055
1870	265.614	399.174
1871	266.554	304.575
1872	266.705	350.153
1873	267.081	313.846
1874	267.452	290.026
1875	267.748	352.889
1876	268.215	334.102
1877	268.604	347.187
1878	269.071	331.948
1879	269.557	319.773
1880	270.599	360.545
1881	270.766	348.803
1882	271.375	341.773
1883	271.554	292.768
1884	272.273	396.064
1885	273.29	293.129
1886	273.852	297.201
1887	274.456	393.318
1888	275.018	390.815
1889	275.965	341.212
1890	276.379	364.671
1891	277.239	319.648
1892	277.636	287.894
1893	277.865	295.799
1894	278.699	327.014
1895	279.889	382.823
1896	280.581	351.827
1897	281.568	307.436
1898	281.765	373.226
1899	282.162	293.951
1900	282.322	342.371
1901	282.66	351.256
1902	283.452	376.83
1903	284.714	302.182
1904	285.139	346.886
1905	285.723	363.942
1906	285.857	345.885
1907	286.249	346.898
1908	286.682	351.613
1909	287.241	384.163
1910	288.326	384.467
1911	288.669	377.337
1912	289.253	338.963
1913	289.52	333.788
1914	290.63	361.425
1915	291.376	308.967
1916	292.198	358.362
1917	292.543	298.838
1918	293.355	324.01
1919	293.751	306.411
1920	294.182	378.559
1921	294.614	325.861
1922	296.555	306.575
1923	296.958	382.22
1924	298.207	299.327
1925	298.671	377.606
1926	300.118	353.163
1927	300.996	375.288
1928	301.39	338.523
1929	302.585	360.149
1930	303.038	377.79
1931	303.779	378.984
1932	304.234	301.891
1933	305.172	359.986
1934	305.648	303.526
1935	307.581	397.806
1936	308.518	400.249
1937	309.301	336.652
1938	309.991	306.869
1939	310.802	389.039
1940	311.134	343.202
1941	311.648	387.505
1942	312.849	337.028
1943	313.275	394.552
1944	313.773	392.062
1945	314.734	372.732
1946	315.007	365.965
1947	317.379	371.384
1948	317.912	382.673
1949	318.992	315.658
1950	319.649	372.035
1951	320.654	321.73
1952	321.207	387.65
1953	321.734	373.914
1954	322.403	326.447
1955	323.134	398.075
1956	324.948	366.022
1957	325.339	347.075
1958	326.037	371.664
1959	327.784	334.158
1960	328.515	323.344
1961	329.41	340.427
1962	330.088	350.123
1963	330.401	371.878
1964	331.529	351.491
1965	332.463	327.332
1966	334.078	339.272
1967	334.874	311.798
1968	335.542	367.419
1969	337.687	384.806
1970	338.011	390.244
1971	339.267	342.463
1972	339.761	334.525
1973	340.794	318.997
1974	341.5	322.826
1975	342.018	342.896
1976	342.468	358.592
1977	342.961	346.798
1978	343.296	315.26
1979	343.613	386.365
1980	343.854	369.105
1981	344.749	348.701
1982	345.608	349.167
1983	347.346	373.371
1984	347.688	359.336
1985	348.557	397.396
1986	349.286	394.957
1987	349.841	331.45
1988	351.698	350.463
1989	353.635	338.307
1990	354.384	365.922
1991	355.433	317.592
1992	356.506	324.225
1993	356.941	374.429
1994	357.544	360.146
1995	358.707	394.035
1996	359.02	386.164
1997	359.226	369.82
1998	359.884	365.271
1999	360.191	319.999
2000	360.986	370.84
2001	361.176	323.365
2002	361.983	340.434
2003	363.552	350.567
2004	364.138	389.774
2005	364.31	400.75
2006	364.868	371.305
2007	365.271	394.511
2008	367.192	377.158
2009	368.095	322.415
2010	368.875	381.008
2011	370.46	385.538
2012	371.19	373.831
2013	373.018	364.119
2014	373.965	322.584
2015	374.933	379.476
2016	375.286	385.352
2017	376.258	337.189
2018	379.053	325.039
2019	379.967	376.652
2020	381.251	382.6
2021	382.274	330.678
2022	382.877	361.738
2023	383.532	392.374
2024	385.117	359.703
2025	386.335	338.236
2026	386.801	364.83
2027	387.565	393.354
2028	387.701	383.558
2029	388.808	325.055
2030	389.141	383.174
2031	389.596	366.305
2032	390.214	325.705
2033	391.248	391.097
2034	392.615	351.181
2035	392.911	350.535
2036	394.155	345.312
2037	395.88	377.841
2038	396.936	371.517
2039	397.628	321.44
2040	398.174	386.012
2041	399.255	393.952
2042	400.306	357.416
2043	401.899	349.845
2044	404.031	348.756
2045	404.279	389.834
2046	405.065	348.706
2047	406.237	362.886
2048	406.969	352.447
2049	408.012	393.706
2050	408.556	383.086
2051	409.45	398.005
2052	410.003	346.277
2053	410.776	351.986
2054	412.663	382.547
2055	413.546	365.278
2056	415.726	363.253
2057	417.072	375.138
2058	417.484	355.655
2059	418.502	373.409
2060	420.889	384.816
2061	421.985	369.462
2062	424.566	372.556
2063	425.837	342.892
2064	427.491	356.414
2065	429.937	337.217
2066	430.432	351.46
2067	431.508	375.668
2068	432.453	387.599
2069	433.123	365.432
2070	434.134	370.212
2071	434.78	349.47
2072	435.925	369.221
2073	436.832	390.254
2074	438.054	344.923
2075	438.312	354.268
2076	440.18	344.595
2077	441.388	374.623
2078	443.013	375.385
2079	445.226	339.88
2080	446.536	337.299
2081	446.721	350.344
2082	447.578	342.993
2083	451.617	372.611
2084	453.138	368.993
2085	454.069	369.96
2086	456.558	342.868
2087	458.943	375.9
2088	460.569	367.608
2089	461.574	358.047
2090	462.669	356.61
2091	463.312	352.626
2092	465.684	360.702
2093	466.62	368.253
2094	468.655	352.672
2095	504.028	55.227
2096	510.743	61.946
2097	513.031	52.542
2098	513.689	53.478
2099	516.584	62.239
2100	517.117	61.721
2101	519.542	71.158
2102	519.789	66.485
2103	519.829	81.693
2104	520.208	53.968
2105	520.663	84.578
2106	521.054	64.937
2107	523.901	80.038
2108	524.201	63.799
2109	524.789	72.777
2110	526.183	92.373
2111	527.265	65.492
2112	528.743	59.36
2113	530.023	98.811
2114	533.453	90.643
2115	533.642	88.332
2116	534.593	81.006
2117	536.044	62.266
2118	537.817	72.697
2119	538.113	64.413
2120	538.659	111.169
2121	539.337	75.1
2122	540.131	73.454
2123	540.19	76.69
2124	541.149	109.533
2125	541.823	89.65
2126	542.869	65.846
2127	543.921	112.783
2128	546.255	83.295
2129	547.246	112.738
2130	548.017	111.445
2131	548.185	126.194
2132	548.547	104.378
2133	551.222	104.242
2134	551.976	116.697
2135	552.784	110.715
2136	554.142	122.696
2137	554.637	106.999
2138	554.814	90.925
2139	556.079	120.762
2140	556.591	133.378
2141	556.841	121.529
2142	557.139	125.728
2143	557.441	100.475
2144	558.661	134.89
2145	559.491	112.552
2146	559.991	125.34
2147	560.38	142.154
2148	561.281	120.642
2149	562.481	108.078
2150	563.169	103.119
2151	563.799	314.189
2152	564.012	341.848
2153	564.681	143.322
2154	564.849	148.328
2155	565.067	299.003
2156	565.246	317.064
2157	565.441	146.231
2158	566.003	325.107
2159	566.114	345.167
2160	566.22	126.081
2161	566.523	163.97
2162	566.62	347.415
2163	566.86	174.176
2164	566.956	179.487
2165	567.22	125.456
2166	567.29	328.439
2167	567.449	323.849
2168	567.561	349.433
2169	567.88	209.984
2170	567.952	311.985
2171	568.045	185.988
2172	568.391	312.555
2173	568.56	253.928
2174	568.724	284.118
2175	568.829	236.282
2176	568.915	123.298
2177	569.107	302.503
2178	569.372	124.686
2179	569.488	239.794
2180	569.685	201.226
2181	570.207	158.788
2182	570.513	234.551
2183	570.883	191.138
2184	570.987	151.505
2185	571.027	168.509
2186	571.197	291.11
2187	571.532	182.715
2188	571.883	216.723
2189	572.064	271.436
2190	572.263	185.926
2191	572.338	198.167
2192	572.566	308.345
2193	572.816	183.224
2194	572.948	357.202
2195	573.264	243.103
2196	573.385	152.264
2197	573.915	135.807
2198	574.091	293.097
2199	574.571	245.353
2200	574.859	362.817
2201	575.025	286.235
2202	575.128	231.212
2203	575.463	220.713
2204	575.766	123.604
2205	575.963	346.134
2206	576.146	274.988
2207	576.292	127.909
2208	576.377	292.105
2209	576.849	295.941
2210	577.072	259.181
2211	577.221	300.215
2212	577.36	230.811
2213	577.5	221.246
2214	577.551	145.808
2215	577.804	320.07
2216	577.937	331.004
2217	578.177	296.176
2218	578.199	250.657
2219	578.284	155.48
2220	578.397	205.368
2221	578.487	291.93
2222	578.853	137.311
2223	579.048	360.826
2224	579.176	379.559
2225	579.282	360.992
2226	579.402	223.282
2227	579.676	313.344
2228	579.843	344.934
2229	579.96	211.026
2230	580.044	219.853
2231	580.409	172.457
2232	580.45	300.179
2233	580.726	217.399
2234	580.92	148.427
2235	580.991	217.541
2236	581.035	377.345
2237	581.328	213.396
2238	581.662	298.031
2239	581.908	134.275
2240	582.187	191.983
2241	582.493	129.271
2242	582.583	131.719
2243	582.876	153.416
2244	583.156	133.197
2245	583.455	374.931
2246	583.61	155.124
2247	583.787	329.809
2248	583.834	200.943
2249	583.946	274.24
2250	584.068	242.799
2251	584.171	226.237
2252	584.614	359.845
2253	584.684	267.184
2254	584.721	217.028
2255	584.92	321.48
2256	585.22	358.711
2257	585.356	318.592
2258	585.679	320.137
2259	586.012	246.075
2260	586.193	129.596
2261	586.391	150.932
2262	586.575	249.375
2263	586.822	131.428
2264	587.086	199.17
2265	587.262	240.233
2266	587.363	221.569
2267	587.439	205.984
2268	587.594	170.538
2269	587.807	194.82
2270	587.925	254.724
2271	588.057	354.096
2272	588.194	257.233
2273	588.262	247.201
2274	588.288	128.991
2275	588.495	283.926
2276	588.976	229.133
2277	589.019	340.729
2278	589.259	232.24
2279	589.537	209.663
2280	589.792	290.991
2281	590.027	338.037
2282	590.252	198.071
2283	590.399	155.03
2284	590.562	305.318
2285	590.798	317.45
2286	591.114	180.042
2287	591.156	368.362
2288	591.35	304.522
2289	591.729	184.134
2290	591.975	370.581
2291	592.212	171.273
2292	592.51	159.02
2293	592.682	368.321
2294	592.784	282.055
2295	592.91	129.215
2296	592.978	169.718
2297	593.103	361.339
2298	593.174	382.389
2299	593.584	300.721
2300	593.664	277.234
2301	593.807	155.468
2302	594.023	138.445
2303	594.21	238.329
2304	594.33	185.75
2305	594.502	324.827
2306	594.554	191.805
2307	594.706	335.182
2308	594.986	254.981
2309	595.124	180.942
2310	595.352	167.91
2311	595.426	321.672
2312	595.622	225.465
2313	595.659	175.996
2314	595.783	253.859
2315	595.848	201.982
2316	596.162	300.781
2317	596.366	268.087
2318	596.576	212.327
2319	596.822	131.08
2320	596.967	171.221
2321	597.105	139.119
2322	597.228	247.438
2323	597.332	348.475
2324	597.527	208.034
2325	597.694	294.257
2326	597.795	203.989
2327	598.029	150.373
2328	598.355	266.608
2329	598.66	339.573
2330	598.936	308.396
2331	599.25	174.396
2332	599.427	315.671
2333	599.584	374.813
2334	599.745	146.914
2335	599.843	141.491
2336	600.073	317.714
2337	600.177	276.823
2338	600.414	344.423
2339	600.582	139.046
2340	600.707	239.265
2341	600.859	302.851
2342	600.957	379.96
2343	601.285	356.755
2344	601.49	251.212
2345	601.604	153.194
2346	601.977	365.213
2347	602.191	335.238
2348	602.733	284.104
2349	602.912	354.94
2350	603.15	324.281
2351	603.373	360.198
2352	603.558	331.077
2353	603.917	221.381
2354	603.995	302.343
2355	604.082	130.127
2356	604.23	385.626
2357	604.465	370.468
2358	604.631	262.499
2359	605.185	138.466
2360	605.358	215.403
2361	605.6	308.35
2362	605.856	279.482
2363	606.103	374.552
2364	606.362	262.293
2365	606.761	360.66
2366	607.099	311.835
2367	607.169	312.57
2368	607.354	349.464
2369	607.547	333.494
2370	607.835	367.067
2371	608.015	139.512
2372	608.174	176.187
2373	608.496	237.74
2374	608.728	272.892
2375	608.915	350.525
2376	609.239	223.566
2377	609.287	179.413
2378	609.635	278.034
2379	609.773	147.967
2380	609.962	319.468
2381	610.173	319.096
2382	610.265	203.962
2383	610.402	231.619
2384	610.71	298.128
2385	610.928	176.848
2386	611.057	209.789
2387	611.292	347.619
2388	611.407	127.679
2389	611.549	365.704
2390	611.839	177.838
2391	612.234	268.038
2392	612.521	203.777
2393	612.663	285.108
2394	612.759	346.325
2395	613.265	211.308
2396	613.42	267.645
2397	613.73	369.371
2398	613.927	168.511
2399	614.175	162.138
2400	614.349	316.53
2401	614.877	357.195
2402	615.224	153.596
2403	615.307	166.364
2404	615.343	305.332
2405	615.473	243.94
2406	615.647	170.137
2407	615.857	348.684
2408	615.976	297.076
2409	616.189	294.695
2410	616.567	234.514
2411	616.625	234.837
2412	616.789	157.771
2413	616.984	304.459
2414	617.082	309.042
2415	617.209	166.945
2416	617.359	340.698
2417	617.576	138.562
2418	617.786	206.85
2419	618.009	307.813
2420	618.304	214.915
2421	618.357	202.963
2422	618.506	198.618
2423	618.613	236.333
2424	618.863	162.446
2425	619.34	276.388
2426	619.418	175.424
2427	619.453	228.333
2428	619.66	262.822
2429	619.905	177.5
2430	620.082	359.154
2431	620.327	337.93
2432	620.758	155.255
2433	620.875	172.556
2434	620.931	216.611
2435	621.161	256.027
2436	621.269	210.442
2437	621.755	358.685
2438	621.881	156.251
2439	621.987	150.63
2440	622.036	359.822
2441	622.132	167.384
2442	622.57	277.084
2443	622.811	325.948
2444	622.995	293.109
2445	623.156	344.808
2446	623.327	319.128
2447	623.618	290.868
2448	623.724	277.57
2449	623.768	270.129
2450	624.131	208.597
2451	624.215	200.356
2452	624.39	337.081
2453	624.7	179.035
2454	624.888	211.609
2455	624.934	258.239
2456	625.317	181.469
2457	625.415	227.66
2458	625.65	167.6
2459	625.769	140.199
2460	625.928	253.514
2461	626.089	307.353
2462	626.213	284.3
2463	626.377	273.54
2464	626.545	237.412
2465	626.826	294.339
2466	626.985	140.82
2467	627.252	273.933
2468	627.39	272.513
2469	627.436	125.475
2470	627.515	314.964
2471	627.756	237.811
2472	627.971	188.982
2473	628.566	262.255
2474	628.944	130.454
2475	629.396	169.871
2476	629.657	140.104
2477	629.783	140.089
2478	630.164	198.043
2479	630.334	167.752
2480	630.471	293.513
2481	630.876	313.745
2482	631.366	155.726
2483	631.727	135.269
2484	631.99	187.382
2485	632.044	191.112
2486	632.247	144.479
2487	633.195	164.1
2488	633.8	104.46
2489	634.52	157.802
2490	635.519	151.448
2491	636.629	98.137
2492	637.155	133.187
2493	637.985	129.206
2494	638.43	123.668
2495	639.189	146.078
2496	639.913	101.291
2497	640.398	146.905
2498	640.874	88.532
2499	641.526	71.193
2500	641.833	130.098
2501	642.096	134.914
2502	642.65	66.026
2503	642.931	72.046
2504	643.305	70.147
2505	644.189	105.402
2506	644.326	87.593
2507	644.568	67.488
2508	644.897	97.698
2509	646.183	73.295
2510	646.309	134.465
2511	647.109	96.616
2512	647.336	62.26
2513	647.832	77.936
2514	648.663	101.896
2515	649.185	115.621
2516	649.603	78.791
2517	651.034	102.031
2518	651.791	79.026
2519	651.904	69.127
2520	653.323	82.183
2521	653.676	50.756
2522	654.241	50.978
2523	654.597	61.231
2524	654.814	62.109
2525	655.425	108.417
2526	656.026	65.508
2527	656.46	74.5
2528	656.56	72.458
2529	656.91	86.43
2530	657.276	115.197
2531	657.623	47.035
2532	657.918	79.095
2533	658.613	91.878
2534	659.224	101.421
2535	659.818	73.144
2536	660.509	76.084
2537	661.103	54.241
2538	661.84	85.89
2539	662.95	41.143
2540	663.395	94.227
2541	664.898	49.236
2542	665.146	78.25
2543	665.792	57.659
2544	666.548	86.523
2545	667.492	57.099
2546	668.872	40.505
2547	669.373	81.047
2548	670.007	58.479
2549	671.358	75.474
2550	672.982	50.898
2551	674.599	57.592
